scan 1020/11/202214:27:31		
temp(C)	power	time(seconds)
99,86523438	-568,2625122	7,130128384
99,75883484	-531,3009644	13,24324512
99,65716553	-419,6920166	19,36329842
99,55600739	-336,2027588	25,48358154
99,4550705	-269,4042969	31,59923935
99,35408783	-209,9132385	37,72483063
99,25313568	-156,5025787	43,84928131
99,15225983	-109,9209747	49,96613693
99,05134583	-70,75784302	56,0882225
98,95056152	-38,85961533	62,20275497
98,84967041	-13,57700253	68,31960297
98,74893951	5,909388065	74,42749023
98,64802551	20,68771744	80,54476166
98,54718018	31,56598473	86,65612793
98,44618225	39,37366867	92,77819061
98,3452301	44,79806519	98,89105225
98,24424744	48,33787537	105,0056381
98,14323425	50,4515152	111,1224594
98,0421524	51,49432373	117,2422333
97,94101715	51,79992294	123,3610687
97,83986664	51,51988983	129,47789
97,73867035	50,77645874	135,5976868
97,63743591	49,81063461	141,7206116
97,53623199	48,65243912	147,8349762
97,43504333	47,36270142	153,9477997
97,33381653	45,96906662	160,065155
97,23243713	44,58224106	166,1893158
97,1311264	43,1570549	172,3066406
97,0297699	41,76719284	178,423172
96,92843628	40,400177	184,5413055
96,82702637	39,15454102	190,6598206
96,72561646	37,9838829	196,7806854
96,62419891	36,91559982	202,8988953
96,52275085	35,98219299	209,0173035
96,42132568	35,23678589	215,1331177
96,31987762	34,61647797	221,2512207
96,21839142	33,87498474	227,3666687
96,11699677	33,05053711	233,479248
96,01560974	32,19360352	239,5899963
95,91417694	31,34724998	245,7017059
95,81282043	30,4634037	251,8066559
95,71123505	29,59954453	257,9310303
95,60971069	28,78188515	264,0454712
95,50816345	28,01299477	270,1601868
95,40657043	27,29441261	276,2785645
95,30500793	26,55768585	282,3954773
95,2033844	25,92566872	288,5125732
95,10189056	25,29026985	294,6221924
95,00022888	24,66270638	300,7411804
94,89858246	24,10214615	306,8587952
94,79691315	23,6081028	312,9781189
94,69517517	23,06913567	319,0993042
94,59346771	22,57206726	325,2182922
94,49181366	22,07957268	331,3334656
94,39022064	21,59880447	337,4442139
94,28857422	21,15856743	343,5605469
94,18691254	20,73975945	349,6762085
94,0852356	20,35745239	355,7911377
93,98343658	19,99574852	361,9127808
93,8815918	19,60519981	368,0392456
93,77970886	19,26514435	374,1626892
93,67790985	18,94645119	380,2815247
93,57621002	18,64199829	386,3988647
93,47450256	18,33654976	392,5122375
93,37277222	18,06375313	398,6270447
93,27101135	17,77500153	404,7441406
93,16914368	17,50362968	410,8664856
93,06729889	17,25363922	416,9874573
92,96549225	17,00210953	423,1079712
92,86365509	16,78554344	429,2266541
92,76183319	16,56720734	435,3460083
92,66000366	16,35131836	441,4632263
92,55801392	16,13184357	447,5917358
92,45605469	15,92735004	453,7163391
92,35433197	15,71247864	459,8278809
92,25253296	15,49952793	465,9452209
92,15080261	15,29272842	472,0601501
92,04892731	15,15231705	478,176178
91,94709778	15,00290871	484,2947083
91,84523773	14,80800533	490,4124451
91,74352264	14,61667919	496,520813
91,64157867	14,43753719	502,6460571
91,53982544	14,26489353	508,7564697
91,43799591	14,10670376	514,8728027
91,33611298	13,97109604	520,9923096
91,2342453	13,84840965	527,109436
91,13243103	13,7227478	533,2271729
91,03051758	13,57811069	539,3484497
90,92851257	13,44667912	545,4684448
90,82665253	13,34486198	551,5893555
90,72467041	13,20781898	557,7122803
90,6227417	13,09212971	563,8342285
90,52081299	12,98508453	569,9522095
90,41902924	12,87693596	576,0644531
90,31710052	12,802742	582,182312
90,21520996	12,70431519	588,3035889
90,11328888	12,58459759	594,4211426
90,0113678	12,46567726	600,538208
89,90944672	12,31189728	606,6592407
89,80751038	12,22282219	612,77771
89,70569611	12,14280128	618,8910522
89,60388947	12,05567646	625,0015259
89,50186157	11,97024059	631,1276855
89,40003204	11,89570236	637,2405396
89,29810333	11,81177235	643,3583984
89,19613647	11,70314407	649,4815063
89,09423065	11,60069561	655,5983887
88,99224091	11,50462055	661,7199707
88,89029694	11,41717529	667,8375244
88,78842163	11,31987476	673,9539185
88,68645477	11,21052074	680,0717163
88,58457947	11,10837746	686,1907959
88,48265076	11,02830887	692,3061523
88,38082123	10,93208694	698,4179077
88,27880096	10,83033848	704,5406494
88,17684937	10,74842358	710,6627808
88,07492065	10,67261887	716,7772217
87,97304535	10,60092735	722,892334
87,87097931	10,54235458	729,020752
87,76901245	10,47315502	735,1382446
87,66712189	10,40985203	741,2539063
87,56520844	10,33573818	747,3727417
87,46321869	10,27762508	753,493042
87,36131287	10,22817993	759,6072998
87,25945282	10,17467308	765,720459
87,15756226	10,11745548	771,8353882
87,05554962	10,04537392	777,958252
86,9536438	9,953280449	784,0720825
86,85181427	9,88212204	790,1856689
86,74985504	9,811641693	796,3032837
86,64788818	9,744872093	802,4254761
86,5459137	9,652222633	808,5422974
86,4439621	9,546764374	814,6621094
86,34195709	9,452962875	820,7843628
86,24003601	9,385187149	826,8987427
86,13804626	9,292602539	833,0214233
86,03620911	9,195888519	839,131897
85,93431091	9,127595901	845,24823
85,83226013	9,062062263	851,3706665
85,73017883	9,029292107	857,4969482
85,62815857	8,969589233	863,617981
85,52620697	8,927116394	869,7359619
85,42433929	8,872552872	875,8497314
85,32249451	8,79979229	881,9606323
85,22058105	8,691962242	888,0774536
85,11846161	8,584750175	894,2055664
85,0164566	8,48230648	900,3240356
84,91456604	8,382141113	906,4385986
84,81268311	8,288691521	912,5541992
84,71071625	8,203090668	918,6710205
84,60870361	8,150216103	924,7940674
84,5065918	8,101821899	930,9210815
84,40464783	8,060951233	937,0368042
84,30260468	8,008690834	943,1600952
84,20080566	7,938941002	949,2680054
84,09887695	7,864300728	955,3841553
83,99686432	7,813514233	961,5064087
83,89494324	7,755236626	967,6195679
83,79296112	7,656569481	973,7417603
83,69115448	7,541188717	979,8501587
83,58925629	7,456281185	985,963623
83,48723602	7,415351868	992,0874634
83,38520813	7,387334824	998,2085571
83,28328705	7,377439976	1004,324036
83,18136597	7,354152679	1010,438965
83,07936096	7,332400322	1016,561218
82,97744751	7,288835526	1022,675659
82,87538147	7,246333122	1028,79895
82,7734375	7,209582329	1034,918213
82,67145538	7,156198502	1041,035522
82,56952667	7,093853951	1047,151367
82,46765137	7,024463177	1053,266846
82,36567688	6,957353115	1059,383301
82,26377869	6,898787498	1065,496216
82,16188812	6,81304884	1071,611938
82,05988312	6,751970291	1077,73291
81,95792389	6,730453014	1083,851807
81,85601044	6,715263844	1089,965332
81,75414276	6,686850071	1096,079956
81,65211487	6,653674126	1102,200317
81,55016327	6,594274044	1108,318237
81,44823456	6,534940243	1114,434692
81,3462677	6,465297699	1120,551147
81,24433899	6,388188839	1126,667969
81,14235687	6,335047245	1132,78772
81,04031372	6,275051594	1138,910522
80,93838501	6,21892786	1145,026855
80,83642578	6,156919956	1151,142334
80,73451233	6,094142437	1157,257324
80,63256073	6,026335716	1163,376587
80,53054047	5,979401112	1169,495605
80,42861176	5,90836525	1175,613159
80,32666779	5,844942093	1181,729858
80,22473145	5,782944202	1187,847534
80,12272644	5,716607571	1193,970825
80,02062988	5,654548168	1200,092163
79,91860199	5,602155685	1206,215088
79,81668091	5,536949635	1212,329956
79,71466064	5,449039936	1218,45166
79,61266327	5,380152225	1224,568115
79,51068115	5,327339172	1230,690308
79,40873718	5,2716465	1236,80603
79,30683136	5,201373577	1242,920166
79,20491791	5,121658325	1249,036499
79,10292816	5,029269218	1255,155884
79,00097656	4,94448328	1261,273071
78,89900208	4,875955105	1267,390015
78,79710388	4,804474354	1273,503052
78,69512939	4,690631866	1279,623291
78,5932312	4,599898338	1285,735962
78,49136353	4,511228561	1291,85022
78,38949585	4,424877644	1297,959839
78,28754425	4,329014778	1304,078613
78,18553925	4,221106529	1310,200195
78,08354187	4,131033897	1316,318726
77,98159027	4,03880167	1322,436768
77,87952423	3,942433834	1328,561279
77,77750397	3,849033833	1334,680176
77,67547607	3,745824337	1340,803711
77,57353973	3,648077965	1346,918091
77,47149658	3,554974794	1353,041748
77,36956024	3,426892281	1359,156006
77,26753235	3,297847271	1365,278687
77,16551208	3,159470797	1371,401855
77,06356049	3,030106068	1377,518799
76,96164703	2,887517691	1383,631714
76,85962677	2,744167328	1389,751953
76,75765228	2,59346652	1395,871948
76,65567017	2,4127388	1401,990723
76,55374908	2,25278616	1408,106323
76,451828	2,107087612	1414,222168
76,34977722	1,976798058	1420,345459
76,24776459	1,79070437	1426,46521
76,14576721	1,591405272	1432,58606
76,04376984	1,401369095	1438,704346
75,94184875	1,209915638	1444,820679
75,83992767	1,030263305	1450,934204
75,73801422	0,857031703	1457,051514
75,63601685	0,639802456	1463,170044
75,53414154	0,405694872	1469,283447
75,43216705	0,166723371	1475,402588
75,33024597	-0,088791661	1481,516357
75,22843933	-0,333320588	1487,626099
75,12654877	-0,651099265	1493,737061
75,02463531	-0,936371624	1499,855591
74,92273712	-1,226966143	1505,967651
74,82080841	-1,51244843	1512,083252
74,7188797	-1,807178378	1518,200928
74,61682129	-2,128584623	1524,322876
74,51483154	-2,447261572	1530,442871
74,41275024	-2,825555801	1536,569214
74,31075287	-3,205943584	1542,685547
74,20868683	-3,6011796	1548,809692
74,10664368	-3,997646809	1554,934692
74,00453949	-4,393157959	1561,061157
73,90254974	-4,846166611	1567,179199
73,80054474	-5,307951927	1573,300415
73,69853973	-5,75244379	1579,421753
73,59655762	-6,201666355	1585,53833
73,49456787	-6,605902195	1591,658447
73,39260864	-7,076341629	1597,774902
73,2905426	-7,574837685	1603,898193
73,18862915	-8,131587982	1610,012695
73,08678436	-8,725766182	1616,127075
72,98485565	-9,275943756	1622,241943
72,88289642	-9,777587891	1628,361694
72,78096008	-10,33691883	1634,474609
72,67905426	-10,89004326	1640,59021
72,57714081	-11,42039871	1646,70166
72,47512817	-11,99112415	1652,824829
72,3730545	-12,54594135	1658,950073
72,27108765	-13,14081097	1665,067505
72,16905975	-13,71144581	1671,189575
72,06705475	-14,30208778	1677,307861
71,96500397	-14,895154	1683,434204
71,86295319	-15,46925735	1689,555298
71,76091003	-16,01725006	1695,678223
71,65893555	-16,53007317	1701,798096
71,55701447	-17,10328102	1707,913208
71,45500946	-17,63160896	1714,033447
71,35295105	-18,12783432	1720,155518
71,25095367	-18,6017952	1726,27478
71,14909363	-19,07312965	1732,387329
71,04711151	-19,48765182	1738,507813
70,94519043	-19,87729263	1744,623169
70,84323883	-20,25892639	1750,737427
70,74127197	-20,61336517	1756,856445
70,63925934	-20,92663193	1762,979126
70,53717041	-21,20223045	1769,10022
70,4352417	-21,47445107	1775,216553
70,33322906	-21,67216492	1781,339111
70,23133087	-21,85013962	1787,452271
70,12948608	-22,01961708	1793,562744
70,02749634	-22,17633438	1799,68103
69,92553711	-22,29253197	1805,799438
69,82363129	-22,36651039	1811,913696
69,72171783	-22,4056015	1818,028687
69,61978912	-22,38496208	1824,14563
69,51787567	-22,34989357	1830,258789
69,41590118	-22,28746605	1836,378418
69,3138504	-22,21413803	1842,501709
69,21174622	-22,12847137	1848,628174
69,10974121	-22,03344154	1854,749756
69,00766754	-21,92914963	1860,870728
68,90573883	-21,84882927	1866,990356
68,80361938	-21,77903366	1873,116699
68,7015686	-21,66274643	1879,240723
68,59960175	-21,46165848	1885,356079
68,49755096	-21,19346809	1891,480835
68,39549255	-20,88147545	1897,605225
68,29332733	-20,53351402	1903,732178
68,19130707	-20,15906525	1909,85437
68,08924103	-19,77718735	1915,977905
67,98725128	-19,37630463	1922,098267
67,88535309	-18,94231415	1928,207886
67,78340912	-18,50629234	1934,328857
67,68154907	-18,05185318	1940,441406
67,57965851	-17,5994072	1946,554077
67,47774506	-17,1054821	1952,667725
67,37584686	-16,65321732	1958,782959
67,27386475	-16,23546028	1964,900269
67,17189026	-15,81233215	1971,019531
67,06986237	-15,32335854	1977,143555
66,96780396	-14,81778049	1983,264771
66,86580658	-14,32750607	1989,386963
66,76369476	-13,86990547	1995,513184
66,66169739	-13,45126247	2001,630859
66,55968475	-13,00018501	2007,752441
66,45769501	-12,56257439	2013,870117
66,35571289	-12,10501385	2019,989502
66,25364685	-11,67203236	2026,114624
66,15153503	-11,26703262	2032,241577
66,04940796	-10,83948421	2038,369019
65,94734192	-10,41766834	2044,492798
65,84531403	-10,00340462	2050,613281
65,74344635	-9,620790482	2056,726074
65,64146423	-9,243167877	2062,843018
65,53954315	-8,836743355	2068,959229
65,43765259	-8,424096107	2075,07373
65,33568573	-8,010280609	2081,189941
65,23369598	-7,609761715	2087,310059
65,13169098	-7,245352268	2093,432861
65,02972412	-6,941809177	2099,548828
64,92779541	-6,613412857	2105,662354
64,82582855	-6,298327446	2111,783447
64,72392273	-5,971759796	2117,896973
64,62201691	-5,669928551	2124,011719
64,52010345	-5,349873543	2130,125977
64,41809845	-5,045300007	2136,245117
64,31620789	-4,730013847	2142,359131
64,21431732	-4,477089882	2148,474609
64,11234283	-4,204173565	2154,591309
64,01025391	-3,95399332	2160,720459
63,90835571	-3,713924646	2166,831055
63,80638123	-3,477017641	2172,948975
63,70440292	-3,223314524	2179,070313
63,60247421	-2,97881794	2185,184326
63,50051117	-2,728411436	2191,300537
63,39856339	-2,523119688	2197,419678
63,29660034	-2,311418295	2203,536621
63,19473648	-2,11438489	2209,647461
63,09288406	-1,941040158	2215,757813
62,99104691	-1,748947024	2221,867432
62,88909912	-1,566024899	2227,987305
62,78726196	-1,403191566	2234,096924
62,68533707	-1,253960133	2240,211914
62,58335876	-1,120620966	2246,331055
62,48139954	-0,983822465	2252,447754
62,37947083	-0,834854186	2258,563965
62,27740479	-0,691484272	2264,688965
62,17536926	-0,562851548	2270,810547
62,07341385	-0,456053495	2276,929443
61,97149658	-0,341934264	2283,044434
61,86951828	-0,25070098	2289,161133
61,7674942	-0,170670256	2295,283203
61,66566849	-0,099703901	2301,391846
61,56359482	-0,014662214	2307,518799
61,46164703	0,038922612	2313,633301
61,35963821	0,106485426	2319,75708
61,25766754	0,181685984	2325,87207
61,15584183	0,260216415	2331,981689
61,05387115	0,306242406	2338,102783
60,95194244	0,353309512	2344,215332
60,84998703	0,402803332	2350,33252
60,74808884	0,465126961	2356,44873
60,64615631	0,51145947	2362,563232
60,54421997	0,559827387	2368,680908
60,44227982	0,601869047	2374,797119
60,34040451	0,647128284	2380,907959
60,2385025	0,673485458	2387,020996
60,13670349	0,712574303	2393,130371
60,03467941	0,755328476	2399,252441
59,93264008	0,773616552	2405,376953
59,8306694	0,813110292	2411,492188
59,7286911	0,847310841	2417,611328
59,62680435	0,877276361	2423,725586
59,52483368	0,88766855	2429,844238
59,42290115	0,904648483	2435,956787
59,32089615	0,922786474	2442,078369
59,21897507	0,938596427	2448,193848
59,11706924	0,944623709	2454,30957
59,01515198	0,952216923	2460,422119
58,91312408	0,953576624	2466,544189
58,81120682	0,962304592	2472,657715
58,70929337	0,96419692	2478,775146
58,60734558	0,970397234	2484,893066
58,50535965	0,988001287	2491,010986
58,40340042	0,997291803	2497,12915
58,30150986	1,001842022	2503,240479
58,19949341	1,006316543	2509,36499
58,09755707	1,001719117	2515,477295
57,99562073	0,99139303	2521,596924
57,89355087	0,983152866	2527,720703
57,79159164	0,97707212	2533,838135
57,68956375	0,977713048	2539,959717
57,58753204	0,979331791	2546,08374
57,48548126	0,977207243	2552,203613
57,38357925	0,974136651	2558,317871
57,2815094	0,975354433	2564,443604
57,17934418	0,97689575	2570,573486
57,07735443	0,984593809	2576,692139
56,97517395	0,990018725	2582,822998
56,87295914	0,997799337	2588,956055
56,77088547	1,006223798	2595,080078
56,66893387	1,013813376	2601,197998
56,56692886	1,027434707	2607,316406
56,46494293	1,037805676	2613,435791
56,36287689	1,04922092	2619,55957
56,26094055	1,057981849	2625,678223
56,15904999	1,076066613	2631,788818
56,05715942	1,090617061	2637,903076
55,95523071	1,102170825	2644,017822
55,85313034	1,120782614	2650,145508
55,75116348	1,142149091	2656,263428
55,64920425	1,162412405	2662,380859
55,54705429	1,185976744	2668,508545
55,44515991	1,211082339	2674,623535
55,34321594	1,23304987	2680,739014
55,2413063	1,264207721	2686,854004
55,13938904	1,294766545	2692,970947
55,0374794	1,315874577	2699,083984
54,93562698	1,352871776	2705,195557
54,8337059	1,374264956	2711,310547
54,73171234	1,392177939	2717,432129
54,62973022	1,40869081	2723,547852
54,52784348	1,425476909	2729,662842
54,42589188	1,436718583	2735,77832
54,32394028	1,472827196	2741,895996
54,22200775	1,509587526	2748,012695
54,11994934	1,52867043	2754,136475
54,01784897	1,547320843	2760,259766
53,91595078	1,563962221	2766,37793
53,81372833	1,594552279	2772,509521
53,71164322	1,632248759	2778,635254
53,60969925	1,668876767	2784,749756
53,50777435	1,691411495	2790,867676
53,40585709	1,721498132	2796,981445
53,30387497	1,749383926	2803,102051
53,20178604	1,75191915	2809,226807
53,09968948	1,759734035	2815,352783
52,99749374	1,784107447	2821,486816
52,89537811	1,806173086	2827,612793
52,79336166	1,822865486	2833,733154
52,69134903	1,830628991	2839,852539
52,58922577	1,859840631	2845,980469
52,48707581	1,883705854	2852,108887
52,38503265	1,903460026	2858,231934
52,28306198	1,919138551	2864,349365
52,18111038	1,936636806	2870,468262
52,07924652	1,948729157	2876,578125
51,97733307	1,951125145	2882,694092
51,87527084	1,962676644	2888,816406
51,77319336	1,97702229	2894,941895
51,67116165	1,999068499	2901,064941
51,56903458	2,016426325	2907,193115
51,46706009	2,038966656	2913,308838
51,3649826	2,054260492	2919,434814
51,26297379	2,065920591	2925,554688
51,16108704	2,086861134	2931,667725
51,05914307	2,111525059	2937,783203
50,95720673	2,121622801	2943,901611
50,8552742	2,127055168	2950,017578
50,75317383	2,138682604	2956,142334
50,65109634	2,152844429	2962,267822
50,54907227	2,16682744	2968,388672
50,44704437	2,180105686	2974,51123
50,34514236	2,203547001	2980,629639
50,24319458	2,224375248	2986,740967
50,1413002	2,234131336	2992,851563
50,03936005	2,244208813	2998,97168
49,93732452	2,253589869	3005,093994
49,83531189	2,271588326	3011,213379
49,73337555	2,292410851	3017,330566
49,63140488	2,318034887	3023,449951
49,52930069	2,326774359	3029,575684
49,42721558	2,332417011	3035,699951
49,32518005	2,335110188	3041,822998
49,22334671	2,339392424	3047,932129
49,12139511	2,347358227	3054,049316
49,01946259	2,353715897	3060,166748
48,9173584	2,36268878	3066,290527
48,81549835	2,371445894	3072,40332
48,71353531	2,378712416	3078,521973
48,61148834	2,389599085	3084,643555
48,509552	2,396589279	3090,758545
48,40766907	2,40130043	3096,871826
48,30571747	2,41364789	3102,991699
48,20376968	2,423401356	3109,108887
48,10168457	2,427694321	3115,231201
47,99975586	2,434269905	3121,346191
47,89783096	2,446641922	3127,463135
47,79582977	2,45547843	3133,582764
47,69395828	2,460427523	3139,696045
47,59200668	2,4661026	3145,813477
47,49007034	2,478393316	3151,927734
47,38812256	2,49042511	3158,047852
47,28607178	2,502694845	3164,170654
47,18398285	2,509682178	3170,295898
47,08184433	2,526234865	3176,421387
46,97993851	2,533742189	3182,537842
46,87781525	2,549310207	3188,664795
46,77570724	2,561801672	3194,791748
46,67360687	2,581455708	3200,918701
46,57138062	2,591738462	3207,050293
46,46913528	2,611197233	3213,186768
46,36700821	2,633149147	3219,312012
46,26505661	2,641330719	3225,433838
46,16299438	2,650454044	3231,55249
46,06097031	2,655269861	3237,677002
45,95894623	2,667864561	3243,794678
45,85691452	2,677837849	3249,917236
45,75492859	2,691048384	3256,03833
45,65287018	2,702234745	3262,162109
45,55093002	2,714231253	3268,27832
45,44910049	2,718554735	3274,385742
45,34718704	2,715157032	3280,500977
45,24500656	2,725316286	3286,630615
45,14304733	2,739066362	3292,750244
45,04120255	2,757130623	3298,860596
44,93930435	2,775403023	3304,973389
44,83736801	2,813336849	3311,089844
44,73545074	2,835482597	3317,206055
44,63350677	2,845021725	3323,321777
44,53150177	2,850995302	3329,444092
44,42949295	2,864207268	3335,565674
44,32756424	2,88232851	3341,679443
44,22564697	2,896662712	3347,792725
44,12372589	2,918548346	3353,90918
44,02178574	2,937615156	3360,026367
43,91985703	2,959950686	3366,142334
43,81797028	2,975864649	3372,255371
43,71596146	2,995312929	3378,375
43,61392212	3,02101016	3384,499023
43,51194382	3,04008007	3390,618164
43,40991211	3,058842182	3396,737793
43,30786896	3,08097291	3402,862305
43,20599365	3,097408772	3408,973389
43,10401535	3,114598036	3415,092529
43,0019722	3,136149645	3421,215088
42,89986038	3,162535667	3427,3396
42,79790878	3,191606998	3433,460205
42,69576263	3,219980001	3439,588135
42,59383392	3,25247097	3445,702393
42,49188614	3,266271591	3451,817871
42,39003754	3,277511835	3457,932129
42,28808594	3,285353661	3464,047119
42,18615723	3,299449921	3470,165039
42,08404541	3,322000265	3476,29126
41,98207474	3,336897612	3482,408203
41,88004684	3,357148409	3488,530273
41,77817535	3,38430047	3494,644043
41,67610931	3,413655758	3500,765869
41,57414246	3,426879406	3506,883057
41,47212219	3,43823719	3513,004883
41,37026215	3,46419692	3519,118652
41,26821136	3,494290352	3525,241455
41,16615677	3,522239685	3531,364014
41,06413651	3,548229218	3537,484131
40,9622879	3,573159456	3543,595703
40,86036301	3,610862017	3549,709961
40,75848389	3,637452602	3555,827637
40,65649033	3,649300337	3561,945557
40,55448532	3,674999714	3568,064941
40,45252228	3,723676205	3574,18335
40,35055542	3,760990381	3580,299561
40,24853897	3,777932167	3586,423828
40,14650726	3,791238785	3592,542236
40,04453659	3,800652266	3598,6604
39,94257355	3,810422897	3604,778809
39,84062195	3,824400902	3610,897949
39,73852921	3,842176437	3617,023193
39,63656235	3,871651649	3623,139404
39,5346489	3,901943922	3629,254883
39,43256378	3,93490386	3635,383057
39,33044815	3,96446085	3641,505615
39,22825623	3,989181757	3647,638672
39,12607956	4,014102936	3653,770752
39,02394104	4,030945301	3659,898193
38,92187881	4,049053669	3666,022217
38,81978607	4,063495159	3672,14917
38,71767426	4,092227459	3678,274658
38,61563873	4,123907566	3684,398926
38,51356125	4,152963638	3690,518555
38,41166306	4,166926861	3696,635498
38,30970764	4,176037788	3702,750977
38,20773697	4,195034027	3708,87085
38,10579681	4,221840858	3714,98584
38,00378799	4,243511677	3721,108643
37,90180206	4,268117905	3727,225586
37,79977417	4,297827244	3733,347412
37,69788361	4,326842785	3739,460205
37,59603119	4,355592251	3745,573486
37,49404144	4,380074501	3751,691406
37,39208221	4,426499844	3757,813232
37,29012299	4,473182678	3763,928223
37,18807983	4,498696327	3770,050293
37,08616257	4,516490459	3776,165771
36,98416138	4,541219711	3782,286133
36,88222885	4,571313381	3788,402344
36,78038406	4,584908485	3794,510986
36,67850876	4,596571922	3800,624023
36,57648849	4,613936424	3806,746338
36,47467804	4,631035805	3812,853271
36,37276077	4,64687252	3818,969482
36,27078247	4,67719698	3825,088867
36,16877365	4,708969593	3831,208008
36,06675339	4,730137825	3837,330322
35,96483994	4,753185272	3843,444092
35,8629303	4,785010338	3849,55835
35,76103973	4,826789379	3855,672607
35,65906525	4,860414505	3861,791016
35,55712509	4,881715775	3867,909424
35,45513153	4,906998158	3874,026367
35,35323334	4,924930096	3880,139404
35,25131989	4,942837238	3886,255371
35,14932632	4,968235016	3892,375732
35,04733276	5,013230801	3898,495361
34,94538116	5,043940067	3904,611084
34,84352493	5,077270031	3910,7229
34,74166489	5,121127129	3916,834473
34,63972092	5,147380829	3922,951416
34,53779221	5,160263062	3929,067627
34,43595505	5,16212225	3935,177734
34,3340416	5,170815945	3941,293457
34,23210144	5,192631721	3947,40918
34,13023376	5,219292164	3953,522949
34,02832031	5,247641087	3959,637451
33,92637253	5,292581558	3965,75415
33,82442474	5,329154015	3971,868652
33,72253799	5,341862202	3977,981445
33,6206398	5,356581211	3984,097656
33,51869202	5,369096756	3990,214111
33,41677094	5,391133308	3996,327637
33,31487274	5,413039207	4002,443848
33,21295166	5,433605194	4008,560303
33,11091614	5,446834564	4014,68042
33,00899124	5,475776196	4020,797607
32,90708542	5,514552593	4026,909912
32,8051796	5,5365839	4033,026611
32,70320892	5,558213711	4039,14502
32,60128784	5,584458828	4045,259521
32,49935532	5,603022575	4051,374023
32,39742661	5,611559391	4057,490723
32,29549026	5,628364086	4063,603516
32,19348907	5,637683392	4069,728027
32,09141159	5,650260448	4075,85083
31,98955727	5,683338642	4081,963379
31,8876915	5,721375465	4088,073486
31,7857933	5,748999596	4094,187256
31,68387794	5,777026176	4100,302734
31,58197784	5,799130917	4106,416992
31,48005295	5,832258701	4112,532227
31,37812233	5,855500221	4118,649902
31,27613449	5,872792721	4124,768555
31,17410851	5,898233891	4130,890137
31,0721817	5,915534496	4137,005371
30,97026443	5,940186977	4143,120117
30,86832047	5,982530594	4149,237793
30,76638794	6,014761925	4155,351563
30,66438675	6,033556938	4161,477051
30,56241226	6,053312778	4167,591797
30,46053123	6,064758301	4173,702637
30,35860825	6,08559227	4179,819336
30,25660324	6,104248524	4185,94043
30,15463829	6,11868763	4192,058594
30,05267906	6,131145	4198,175781
29,95073509	6,146818161	4204,29248
29,84883118	6,173503876	4210,40625
29,74694443	6,213000298	4216,520996
29,64489937	6,25344038	4222,642578
29,54289055	6,293253422	4228,763184
29,44084549	6,322956085	4234,887207
29,33880997	6,340215206	4241,007324
29,23681831	6,34455204	4247,127441
29,1348629	6,344315529	4253,243652
29,0328846	6,354383945	4259,36377
28,93095779	6,370512009	4265,47998
28,82901955	6,381980896	4271,594727
28,72709274	6,396591187	4277,711426
28,62513161	6,434009552	4283,827637
28,5230999	6,467661381	4289,953125
28,42100334	6,492012501	4296,077148
28,31902313	6,489901543	4302,196289
28,21713066	6,490237713	4308,30957
28,11513138	6,491839409	4314,430664
28,0131321	6,511287212	4320,550293
27,91114616	6,542424202	4326,666992
27,80914879	6,5779562	4332,788086
27,70727539	6,604510784	4338,899414
27,60534668	6,607817173	4345,01709
27,50336266	6,607382774	4351,134277
27,40144348	6,620324135	4357,249023
27,2994175	6,643985748	4363,371582
27,19750786	6,672925472	4369,485352
27,09556961	6,693480015	4375,605469
26,99355888	6,725343704	4381,722168
26,89171982	6,760447502	4387,835449
26,78982925	6,790230274	4393,949219
26,6879406	6,818081856	4400,062012
26,58600044	6,846983433	4406,175781
26,48409081	6,873791218	4412,292969
26,38210678	6,891241074	4418,411621
26,28003883	6,915417194	4424,536133
26,17803192	6,925572872	4430,657227
26,07595253	6,942103386	4436,780762
25,97402954	6,944388866	4442,895996
25,87210083	6,958613396	4449,010742
25,77017403	6,985665321	4455,125488
25,6682663	7,021970272	4461,241211
25,56635666	7,039451599	4467,355957
25,46446228	7,05792284	4473,468262
25,36255264	7,07968235	4479,584473
25,26060104	7,107290268	4485,70166
25,15859795	7,118445396	4491,821777
25,05665779	7,124801636	4497,938965
24,95474434	7,143645763	4504,052246
24,85272217	7,16383791	4510,175293
24,75070953	7,180061817	4516,295898
24,64883232	7,199106693	4522,408691
24,54685211	7,211589813	4528,524414
24,44492722	7,225328922	4534,643066
24,34295464	7,242434025	4540,760254
24,24100876	7,255445957	4546,877441
24,13916588	7,280321598	4552,989258
24,03706551	7,309529781	4559,115234
23,93503571	7,320830822	4565,236328
23,83301353	7,328673363	4571,359375
23,73100662	7,341329575	4577,476563
23,62908745	7,358618259	4583,593262
23,52709198	7,366333961	4589,713379
23,4250946	7,378201008	4595,833008
23,32317352	7,408791542	4601,949219
23,22119904	7,432266712	4608,066406
23,11920738	7,452934265	4614,187988
23,0172081	7,472770214	4620,306152
22,91517448	7,490420818	4626,427246
22,81324387	7,501399517	4632,542969
22,71128464	7,526370049	4638,662598
22,60931778	7,546897888	4644,77832
22,5072422	7,554802418	4650,904785
22,4052887	7,576499939	4657,022949
22,30330086	7,602505684	4663,139648
22,20138359	7,604268074	4669,254395
22,09948349	7,610630035	4675,368652
21,99754143	7,611588955	4681,487793
21,89555168	7,623773098	4687,605469
21,79356194	7,640962124	4693,725586
21,69154739	7,65504837	4699,848145
21,58963394	7,654986858	4705,961426
21,48778725	7,661113262	4712,071777
21,38580894	7,683348656	4718,19043
21,28382683	7,706433773	4724,310547
21,18188286	7,727798939	4730,427734
21,07997894	7,744234562	4736,541992
20,97812271	7,766372681	4742,652832
20,87619019	7,782176018	4748,768555
20,77424431	7,802116394	4754,885254
20,6723156	7,826923847	4761,000977
20,57034302	7,847365379	4767,123535
20,46850204	7,85802269	4773,230469
20,36657143	7,864675045	4779,347168
20,26460648	7,872373104	4785,464355
20,16261482	7,881289482	4791,583008
20,06063271	7,886197567	4797,703613
19,95882607	7,891858578	4803,810547
19,85683823	7,907106876	4809,930664
19,75485611	7,92869091	4816,050781
19,65289307	7,945599079	4822,168945
19,55101967	7,96078968	4828,280273
19,44912338	7,981040001	4834,394531
19,34717751	7,993785858	4840,511719
19,2451725	7,99855566	4846,629883
19,14325714	8,005262375	4852,74707
19,04121971	8,017776489	4858,866699
18,93937302	8,02934742	4864,979492
18,83738327	8,037140846	4871,096191
18,7354641	8,039800644	4877,214844
18,63345528	8,046145439	4883,333008
18,5315361	8,057816505	4889,449219
18,42962265	8,069648743	4895,565918
18,32758522	8,080161095	4901,688477
18,22566032	8,097532272	4907,802246
18,12376785	8,118044853	4913,915039
18,02181435	8,131474495	4920,03418
17,91981125	8,140646935	4926,152832
17,81789398	8,149205208	4932,268555
17,7158432	8,156259537	4938,390137
17,61392021	8,164505005	4944,507813
17,51189995	8,185095787	4950,62793
17,40992165	8,198781013	4956,748535
17,30794525	8,203632355	4962,865723
17,20584679	8,2113657	4968,991699
17,10394478	8,222826958	4975,10498
17,0019722	8,23038578	4981,226074
16,90000916	8,239866257	4987,341309
16,79805756	8,248581886	4993,459961
16,69611549	8,259302139	4999,577148
16,5941925	8,267497063	5005,692383
16,492342	8,269940376	5011,804199
16,39045715	8,276028633	5017,916016
16,28857422	8,284645081	5024,027832
16,1866703	8,297366142	5030,143066
16,08468437	8,309233665	5036,263184
15,98272514	8,325359344	5042,381348
15,88077831	8,342830658	5048,499023
15,77884293	8,351561546	5054,614258
15,6768074	8,363595009	5060,73584
15,57480145	8,376144409	5066,856934
15,47283077	8,392619133	5072,974121
15,37084579	8,408920288	5079,094727
15,26897907	8,426012993	5085,207031
15,16712761	8,43457222	5091,317383
15,06520176	8,445217133	5097,432129
14,96317101	8,448950768	5103,555176
14,86126518	8,451268196	5109,668945
14,75938797	8,462229729	5115,781738
14,65740395	8,481648445	5121,901367
14,55548382	8,502988815	5128,016113
14,45356178	8,516838074	5134,132813
14,35159492	8,528773308	5140,248535
14,24967575	8,532842636	5146,363281
14,14780426	8,542699814	5152,479004
14,04597759	8,550930977	5158,587891
13,94399834	8,553847313	5164,705566
13,84191036	8,56334877	5170,831543
13,73993111	8,575068474	5176,951172
13,63781357	8,590331078	5183,078613
13,53579044	8,607145309	5189,198242
13,43391609	8,617303848	5195,312988
13,33189487	8,621055603	5201,431152
13,22991848	8,636651993	5207,550293
13,12795734	8,652231216	5213,667969
13,02605438	8,665174484	5219,780762
12,92413807	8,673573494	5225,898926
12,82205296	8,679323196	5232,023438
12,7200346	8,689956665	5238,143555
12,61806774	8,692138672	5244,262695
12,51619816	8,695075035	5250,376465
12,41416454	8,715057373	5256,498047
12,31206322	8,73534584	5262,624023
12,21014214	8,753324509	5268,739258
12,10822296	8,766956329	5274,853516
12,00621319	8,777669907	5280,976074
11,90420437	8,7833395	5287,096191
11,80221844	8,789078712	5293,213379
11,700284	8,794010162	5299,330566
11,59838009	8,809292793	5305,444824
11,49646854	8,824459076	5311,560059
11,39451694	8,830416679	5317,679199
11,29253101	8,838048935	5323,797363
11,19053459	8,853072166	5329,917969
11,08844185	8,862258911	5336,042969
10,98651505	8,868595123	5342,157715
10,8845892	8,880842209	5348,272461
10,78258705	8,902685165	5354,395996
10,68049431	8,911287308	5360,520508
10,57848167	8,922746658	5366,640625
10,47660923	8,939673424	5372,757324
10,37465668	8,952539444	5378,869141
10,27275944	8,96485424	5384,983398
10,17080688	8,968121529	5391,102539
10,06880474	8,966519356	5397,220215
9,966927528	8,970879555	5403,334473
9,864984512	8,988050461	5409,452148
9,762860298	9,013236046	5415,579102
9,660831451	9,039084435	5421,69873
9,558619499	9,050473213	5427,832031
9,45649147	9,055150986	5433,958984
9,354459763	9,062445641	5440,082031
9,252669334	9,074461937	5446,188477
9,150735855	9,08619976	5452,305176
9,048727036	9,096308708	5458,42627
8,946829796	9,107982635	5464,540039
8,844857216	9,124191284	5470,65918
8,742828369	9,1397686	5476,779297
8,640990257	9,14923954	5482,891113
8,539045334	9,160769463	5489,007813
8,437007904	9,172310829	5495,129883
8,334981918	9,182754517	5501,252441
8,232868195	9,199186325	5507,37793
8,130861282	9,210385323	5513,499023
8,028958321	9,222271919	5519,612793
7,927005768	9,23039341	5525,728516
7,824976921	9,24075222	5531,852051
7,723063946	9,254778862	5537,964844
7,621263504	9,262480736	5544,074219
7,519285679	9,271678925	5550,194824
7,417079926	9,278054237	5556,324219
7,315025806	9,283486366	5562,449707
7,213013649	9,285076141	5568,570313
7,111124039	9,28212738	5574,685059
7,009207249	9,285083771	5580,799805
6,907234669	9,29487896	5586,916504
6,805315971	9,307055473	5593,032227
6,703404427	9,31348896	5599,146973
6,601410866	9,320445061	5605,267578
6,499461651	9,335985184	5611,382813
6,397540092	9,341874123	5617,500488
6,295591831	9,350973129	5623,617188
6,19368124	9,355912209	5629,732422
6,091718674	9,359668732	5635,849609
5,989806175	9,356929779	5641,963379
5,887867928	9,359989166	5648,080566
5,785882473	9,365147591	5654,202148
5,683932781	9,36752224	5660,316406
5,581978798	9,367206573	5666,435059
5,47995615	9,367301941	5672,555664
5,3780303	9,368930817	5678,670898
5,276102066	9,367530823	5684,788574
5,174030781	9,370276451	5690,909668
5,07217741	9,370555878	5697,021484
