scan 120/11/202214:27:31		
temp©	power	time(seconds)
5,004789829	5,412195206	1,022500396
5,118621826	377,8119507	6,149578571
5,22337389	375,131958	12,3020525
5,325155258	302,4908447	18,45456123
5,426613808	246,9351349	24,60707283
5,527980328	203,276474	30,75904846
5,629239082	165,3124695	36,9100914
5,73054266	131,6581268	43,06261444
5,831859589	102,5174255	49,21512604
5,93319416	77,90949249	55,36764526
6,034546852	57,68148804	61,51719666
6,135886192	41,44634628	67,66982269
6,237260818	28,69248009	73,8212204
6,338700771	18,74609184	79,97370911
6,440183163	11,11712933	86,12619781
6,541713715	5,415847778	92,27890015
6,643257618	1,181424379	98,43122101
6,744852066	-1,935031533	104,5837021
6,846496582	-4,191418648	110,7361908
6,948159695	-5,763167381	116,8886719
7,049786568	-6,809754848	123,0363007
7,151521206	-7,493794918	129,1887817
7,253292561	-7,912148952	135,3404999
7,355089664	-8,08251667	141,4928131
7,456908226	-8,092758179	147,6443176
7,558730125	-8,035990715	153,7948456
7,660625458	-7,915123463	159,9474335
7,762519836	-7,734317303	166,0990601
7,864456654	-7,497597694	172,2514038
7,966417789	-7,263968468	178,4038544
8,068387985	-7,016298294	184,5544281
8,170383453	-6,751269341	190,7069244
8,272422791	-6,482938766	196,8584442
8,374442101	-6,27219677	203,0109558
8,476508141	-6,050689697	209,1634521
8,578583717	-5,826480865	215,315979
8,680682182	-5,658635139	221,4684753
8,782820702	-5,509077549	227,6209717
8,884950638	-5,342123508	233,773468
8,987110138	-5,160831928	239,9259491
9,089272499	-5,004403114	246,0784607
9,191464424	-4,880403042	252,230957
9,293642998	-4,755836964	258,3824768
9,395835876	-4,629450798	264,5349731
9,498053551	-4,54236412	270,6875
9,600227356	-4,462775707	276,8351135
9,702459335	-4,372004032	282,9876099
9,804718971	-4,286324501	289,1400757
9,906979561	-4,219220161	295,2926025
10,00925446	-4,168172359	301,4441223
10,1114769	-4,130807877	307,5927124
10,21377659	-4,10158968	313,7452698
10,31608963	-4,066225529	319,8977051
10,41840649	-4,020483494	326,0502014
10,52073956	-3,954803944	332,2026978
10,62306786	-3,879717588	338,3551636
10,72542572	-3,806600332	344,5076904
10,82776546	-3,728515148	350,6602173
10,93013382	-3,648139477	356,8127136
11,03249931	-3,569362402	362,9695435
11,13485336	-3,493116856	369,1167297
11,23723316	-3,420067787	375,2692261
11,33959579	-3,354157209	381,4207153
11,44198704	-3,282190561	387,5732422
11,54438686	-3,213896513	393,7257385
11,64678288	-3,151282072	399,8782349
11,74918938	-3,091257572	406,0307312
11,85159874	-3,028702021	412,1832581
11,95402527	-2,962241173	418,3361816
12,05646229	-2,899325609	424,4882202
12,15885258	-2,836254358	430,6397705
12,26128292	-2,778764725	436,7922668
12,36370373	-2,74527669	442,9437866
12,46614552	-2,70627737	449,0964355
12,56860065	-2,665815115	455,2487793
12,67102718	-2,63177228	461,4002991
12,77345848	-2,582062483	467,5518188
12,87591076	-2,515088081	473,7043152
12,97836399	-2,4620502	479,856781
13,08076477	-2,419273615	486,0054016
13,18322468	-2,373930454	492,1578979
13,28565884	-2,330731869	498,3084412
13,38812447	-2,294774055	504,4609375
13,4906044	-2,258854151	510,6134338
13,59302235	-2,213546753	516,7630005
13,69550419	-2,170536757	522,9155273
13,79798317	-2,132249832	529,0680542
13,90047169	-2,096026421	535,2205811
14,00295162	-2,062044382	541,3730469
14,10544109	-2,025446415	547,5255127
14,20793247	-1,985544086	553,6780396
14,31041145	-1,957386971	559,8295898
14,41290569	-1,909635067	565,9820557
14,5153904	-1,868860602	572,1345215
14,61789322	-1,845931053	578,2870483
14,72039032	-1,823398471	584,4394531
14,82288837	-1,802860379	590,592041
14,9253912	-1,774577856	596,7435303
15,0278883	-1,750177145	602,8960571
15,13034248	-1,729121685	609,0455933
15,23284817	-1,695164919	615,1981201
15,3353529	-1,665659785	621,3508911
15,43787575	-1,641570091	627,5031128
15,54037952	-1,618830085	633,6555786
15,64289474	-1,597673059	639,8081665
15,74541187	-1,58202064	645,9605713
15,84793568	-1,559282303	652,1130981
15,95043755	-1,524145722	658,265564
16,05295181	-1,498522878	664,4180908
16,15543938	-1,483717918	670,5687866
16,25795937	-1,468863249	676,7211304
16,36047173	-1,436437011	682,8736572
16,46298027	-1,419121742	689,0251465
16,56550598	-1,401050687	695,1776733
16,66800499	-1,379695177	701,3292847
16,77051353	-1,357698441	707,4807129
16,87302017	-1,338282585	713,6322632
16,97527122	-1,32762742	719,7659302
17,07723236	-1,313954353	725,8828125
17,1792717	-1,292551517	732,0084229
17,28115082	-1,273226023	738,1194458
17,38299751	-1,265385747	744,2323608
17,48503876	-1,250371695	750,3555908
17,58706093	-1,22922039	756,479187
17,68917465	-1,214168191	762,6053467
17,79124451	-1,191695213	768,7306519
17,89325905	-1,17891252	774,8518066
17,99517059	-1,169609547	780,9682007
18,09725571	-1,156576276	787,0951538
18,19933891	-1,137912512	793,2180786
18,30132484	-1,124195099	799,3397217
18,40342331	-1,107707858	805,4641113
18,50535011	-1,097740412	811,5809326
18,60731697	-1,085141778	817,7026978
18,70912933	-1,073532343	823,8081055
18,81113625	-1,06623733	829,9312134
18,91311646	-1,060556412	836,046875
19,01498413	-1,050052404	842,1613159
19,11692619	-1,030364037	848,2774658
19,21876717	-1,012881637	854,3897095
19,32070351	-1,009406447	860,5065308
19,42264175	-1,001759768	866,6244507
19,52454948	-0,994393766	872,7365723
19,62668419	-0,97849685	878,866272
19,72871971	-0,959759831	884,9891968
19,83077431	-0,938775837	891,1135254
19,93288231	-0,90884769	897,2405396
20,03487396	-0,892743707	903,3577881
20,13681221	-0,890663266	909,4743042
20,23871994	-0,880748391	915,5893555
20,34074211	-0,868402362	921,7136841
20,44280243	-0,859707654	927,8365479
20,54472542	-0,853108108	933,9503174
20,64668274	-0,839227557	940,0689087
20,74860764	-0,825948775	946,1828613
20,85064125	-0,817048728	952,3068848
20,95264816	-0,815336168	958,4227295
21,05461693	-0,809173942	964,5432739
21,15663719	-0,809506774	970,6642456
21,25865173	-0,805514574	976,784668
21,36059761	-0,806662917	982,8990479
21,46238708	-0,800424039	989,0062866
21,56432915	-0,799702883	995,124939
21,66646576	-0,804563999	1001,249512
21,76849937	-0,80547452	1007,37323
21,87055779	-0,809490621	1013,496094
21,97247887	-0,81251049	1019,611023
22,07445908	-0,817180037	1025,733276
22,17656708	-0,821825981	1031,858276
22,2785778	-0,825736582	1037,97876
22,38064575	-0,828401029	1044,100952
22,48259926	-0,828970194	1050,220215
22,58463669	-0,831388295	1056,342285
22,68670654	-0,835177839	1062,463623
22,78873253	-0,8368029	1068,58728
22,89079285	-0,841247618	1074,711792
22,99283981	-0,84191674	1080,833374
23,09487724	-0,844231069	1086,957397
23,19681168	-0,851625562	1093,07373
23,2989006	-0,860600948	1099,197388
23,40086746	-0,867251337	1105,314209
23,50287056	-0,87305969	1111,437378
23,60504532	-0,886562884	1117,566284
23,70713043	-0,901187003	1123,691895
23,80920029	-0,905429184	1129,814697
23,91111183	-0,908012748	1135,929688
24,0132122	-0,916255295	1142,05603
24,11522675	-0,924422979	1148,177612
24,21729279	-0,929442763	1154,302124
24,31942558	-0,95447737	1160,430908
24,42146873	-0,965556979	1166,549316
24,52326202	-0,967346907	1172,656738
24,62526894	-0,967909217	1178,780518
24,72727013	-0,964038968	1184,900269
24,82926369	-0,963342011	1191,0177
24,93126869	-0,964301527	1197,140625
25,0332737	-0,965277493	1203,261963
25,13521767	-0,968157232	1209,377197
25,23727036	-0,96876967	1215,499756
25,33936501	-0,968178391	1221,625732
25,44143105	-0,969078839	1227,752075
25,5433979	-0,968469441	1233,869141
25,64538574	-0,969180405	1239,984741
25,74739647	-0,967830718	1246,106934
25,84930992	-0,967730522	1252,221313
25,95128822	-0,968692839	1258,342285
26,05342102	-0,96782279	1264,469238
26,15544891	-0,965585291	1270,593872
26,25750923	-0,96532768	1276,716187
26,35956955	-0,966441214	1282,838623
26,461689	-0,968099654	1288,966919
26,56379509	-0,97083813	1295,090576
26,66579056	-0,970451355	1301,212891
26,76775932	-0,968659937	1307,331055
26,86977196	-0,968741417	1313,451294
26,97183037	-0,968483925	1319,575073
27,07374001	-0,968176961	1325,687866
27,17573357	-0,968665481	1331,80896
27,27787781	-0,968091369	1337,939209
27,37997437	-0,967033982	1344,064819
27,48200226	-0,892463923	1350,185913
27,58386612	-0,889302731	1356,296387
27,68586349	-0,903195202	1362,415283
27,78787994	-0,912765503	1368,538696
27,88971519	-0,920511067	1374,647705
27,99171448	-0,926719785	1380,77002
28,09366226	-0,930654764	1386,884399
28,19568634	-0,932078421	1393,011108
28,29767609	-0,932823598	1399,126465
28,39955521	-0,933183491	1405,239746
28,5015564	-0,930608571	1411,359375
28,60353851	-0,929246247	1417,478638
28,70543098	-0,928904951	1423,592651
28,80742073	-0,929196954	1429,711792
28,90935516	-0,928349078	1435,827271
29,01124954	-0,927206159	1441,94104
29,11322021	-0,925995827	1448,060181
29,2151432	-0,920675933	1454,175537
29,31711578	-0,910524487	1460,293213
29,41903305	-0,904685736	1466,407593
29,52096939	-0,902919114	1472,523315
29,62285233	-0,902492404	1478,635986
29,72485161	-0,901433527	1484,759155
29,82669449	-0,9025352	1490,869507
29,92860031	-0,904646456	1496,981567
30,03051758	-0,901962936	1503,096069
30,13242149	-0,896238804	1509,212891
30,23441887	-0,895976424	1515,331421
30,33627892	-0,896497846	1521,444702
30,43832016	-0,892724633	1527,565063
30,54032516	-0,891855299	1533,687256
30,6422596	-0,890714884	1539,801147
30,74430084	-0,886831462	1545,924805
30,84630203	-0,874274731	1552,045288
30,94835663	-0,86451292	1558,16748
31,05026436	-0,857539654	1564,284424
31,15215492	-0,853616297	1570,397949
31,25410652	-0,850692809	1576,511475
31,35607338	-0,848901093	1582,633667
31,45796394	-0,844788671	1588,744263
31,55985451	-0,841366589	1594,857422
31,66178131	-0,8352108	1600,975098
31,76378632	-0,824301898	1607,093628
31,86570549	-0,823786318	1613,209351
31,96763229	-0,816730142	1619,325073
32,06953049	-0,814492047	1625,438721
32,17149734	-0,808359802	1631,557861
32,27341461	-0,798214138	1637,671265
32,37527466	-0,791024387	1643,783691
32,4772644	-0,791534543	1649,904175
32,57912064	-0,785320461	1656,014404
32,68112946	-0,781102538	1662,134644
32,78307724	-0,774052083	1668,252319
32,88500977	-0,771202445	1674,369019
32,98703384	-0,770318687	1680,48938
33,08895493	-0,771254361	1686,60376
33,1908493	-0,768209398	1692,716553
33,29283142	-0,765589178	1698,839722
33,39455414	-0,764381886	1704,938721
33,49641418	-0,764137626	1711,052979
33,5982666	-0,756854892	1717,164795
33,70024109	-0,754671633	1723,282104
33,80221176	-0,75455457	1729,39917
33,90419006	-0,752656519	1735,518677
34,00611496	-0,743218243	1741,634521
34,10805511	-0,736985564	1747,752075
34,2099762	-0,732873321	1753,86499
34,31194305	-0,722877681	1759,987427
34,41388321	-0,711989701	1766,100342
34,51576233	-0,704916239	1772,212646
34,61777115	-0,696372926	1778,332886
34,71971512	-0,694932222	1784,448486
34,82162094	-0,69190973	1790,565796
34,9235878	-0,690071583	1796,683228
35,02552795	-0,69129771	1802,798828
35,12751389	-0,688858569	1808,9198
35,2294693	-0,68727231	1815,034302
35,33140182	-0,68544817	1821,151123
35,43333054	-0,680601358	1827,265503
35,53524399	-0,678652585	1833,380371
35,63722992	-0,670106173	1839,502686
35,73933411	-0,663687468	1845,628418
35,841465	-0,661865413	1851,755859
35,94348907	-0,664174557	1857,878784
36,04547501	-0,665342748	1863,994263
36,14743805	-0,660933793	1870,115356
36,24946594	-0,637442648	1876,236816
36,35151672	-0,610970497	1882,35791
36,45363998	-0,610932112	1888,486572
36,55590439	-0,617494762	1894,621826
36,6580162	-0,624167442	1900,749146
36,76018524	-0,628724456	1906,878418
36,86220551	-0,631151736	1913
36,96424103	-0,629762173	1919,123779
37,06622696	-0,629459739	1925,242432
37,16830063	-0,625801206	1931,368164
37,27030945	-0,627111793	1937,486328
37,3722229	-0,627619088	1943,601807
37,47421646	-0,626238823	1949,721802
37,5764389	-0,622106433	1955,853882
37,67834854	-0,620704412	1961,967651
37,7802887	-0,617971897	1968,086426
37,88222885	-0,607940853	1974,203003
37,98426819	-0,599007666	1980,324829
38,08617401	-0,595764041	1986,438721
38,18807983	-0,594241858	1992,551758
38,29000092	-0,590212584	1998,670776
38,39196014	-0,585088134	2004,787109
38,49399948	-0,581419766	2010,907471
38,5958786	-0,577825129	2017,021606
38,69795227	-0,571445644	2023,145264
38,79994583	-0,569823623	2029,263062
38,90198135	-0,569753349	2035,385254
39,00382614	-0,569276333	2041,496826
39,10569	-0,563209355	2047,607666
39,20759201	-0,555711389	2053,721191
39,30956268	-0,54520458	2059,837402
39,4115181	-0,535856724	2065,95752
39,51355362	-0,53077668	2072,080811
39,61556625	-0,524671078	2078,202637
39,71756363	-0,513193071	2084,320557
39,81944275	-0,510371923	2090,433105
39,9214325	-0,505874455	2096,553467
40,0235405	-0,503766656	2102,679199
40,12547684	-0,494254708	2108,793457
40,2273407	-0,486290365	2114,907959
40,32923508	-0,480963975	2121,020752
40,43125534	-0,484565824	2127,140869
40,53315735	-0,489827842	2133,256104
40,6351738	-0,493315578	2139,374268
40,73708344	-0,492041737	2145,490479
40,8391304	-0,490064979	2151,613037
40,94111252	-0,473667771	2157,733887
41,04310989	-0,46204263	2163,853516
41,14513016	-0,452427387	2169,973633
41,24702454	-0,452019185	2176,086182
41,34894562	-0,451595187	2182,202881
41,45093918	-0,443947405	2188,323242
41,55289459	-0,436899513	2194,440918
41,65484619	-0,431225121	2200,555664
41,75674057	-0,426645875	2206,668945
41,8586998	-0,424734533	2212,790527
41,96071625	-0,420132995	2218,908203
42,06263351	-0,415747613	2225,023682
42,16455078	-0,405929327	2231,138672
42,26643372	-0,396468729	2237,251709
42,36834335	-0,392747343	2243,368164
42,47027206	-0,388754517	2249,483154
42,57217789	-0,381295204	2255,595703
42,67411423	-0,376945645	2261,714355
42,77622604	-0,379316866	2267,840576
42,87820816	-0,379196495	2273,95874
42,98019791	-0,374312252	2280,078369
43,08221817	-0,369118869	2286,200684
43,18424225	-0,367536634	2292,322754
43,28623581	-0,365181506	2298,439941
43,38820267	-0,360496551	2304,558105
43,49020767	-0,35836637	2310,681152
43,59238434	-0,358449608	2316,810059
43,69440842	-0,352629602	2322,931152
43,79658127	-0,345654309	2329,061523
43,89852905	-0,342782557	2335,177002
44,00048065	-0,343193263	2341,297119
44,10250854	-0,344070256	2347,418701
44,20452118	-0,343899578	2353,537109
44,30649567	-0,345042884	2359,65625
44,40864563	-0,341951132	2365,785156
44,51076889	-0,337774664	2371,914063
44,61271667	-0,332774073	2378,027588
44,71472931	-0,331164986	2384,150635
44,81672668	-0,329926401	2390,270264
44,91866684	-0,315620363	2396,387939
45,02051163	-0,302616894	2402,496826
45,12240219	-0,298138708	2408,609619
45,22433472	-0,292105645	2414,724121
45,32624435	-0,29455635	2420,839844
45,42814636	-0,28923586	2426,954102
45,53006363	-0,277499735	2433,067139
45,63196945	-0,26998654	2439,18335
45,73387527	-0,266297281	2445,297607
45,83581924	-0,263980806	2451,41333
45,9378624	-0,254843056	2457,537109
46,03987503	-0,246974438	2463,65918
46,14183044	-0,243339494	2469,775391
46,24373627	-0,240992323	2475,888672
46,34563446	-0,23906593	2482,002686
46,4475441	-0,22718212	2488,117188
46,54943848	-0,214932352	2494,231934
46,65132523	-0,208585262	2500,345703
46,75333786	-0,196895108	2506,467285
46,85523605	-0,192350432	2512,578857
46,95723724	-0,191075802	2518,699951
47,05924606	-0,190629199	2524,821289
47,16122055	-0,183813304	2530,938477
47,26315689	-0,175391018	2537,052979
47,36515808	-0,168112531	2543,176025
47,46709061	-0,158167213	2549,288818
47,56902313	-0,146753982	2555,407227
47,67113113	-0,143614918	2561,533447
47,77311325	-0,129013702	2567,651611
47,87514496	-0,119837634	2573,773682
47,97715759	-0,110081509	2579,894775
48,07912827	-0,099588104	2586,013184
48,18114853	-0,084122628	2592,134277
48,2831192	-0,075979173	2598,250977
48,38502884	-0,074258007	2604,369629
48,48687744	-0,077662759	2610,476318
48,58876038	-0,079555809	2616,59082
48,69057846	-0,08298409	2622,697754
48,79240036	-0,080886342	2628,80957
48,89450455	-0,076351322	2634,93457
48,99633789	-0,064070158	2641,046143
49,0982933	-0,057803176	2647,162842
49,20016098	-0,055202536	2653,273193
49,30210495	-0,052211348	2659,391113
49,40410614	-0,052421734	2665,509766
49,50605774	-0,047981862	2671,628906
49,60807419	-0,035523508	2677,74707
49,7099762	-0,015506241	2683,863281
49,81193542	0,012219955	2689,981689
49,91388321	0,032947823	2696,098633
50,01594925	0,037296806	2702,220215
50,11775589	0,045073096	2708,329346
50,2195549	0,051258702	2714,438477
50,32146454	0,065495178	2720,550781
50,42344666	0,085781187	2726,672852
50,52536774	0,081187606	2732,786377
50,62729645	0,0800566	2738,901611
50,72920227	0,080484025	2745,01709
50,8311348	0,083420157	2751,13208
50,93315506	0,09688025	2757,253662
51,03508759	0,122393787	2763,368652
51,13696671	0,167833716	2769,481934
51,23880005	0,201301247	2775,592529
51,34078979	0,227554739	2781,712402
51,44273376	0,249160126	2787,827881
51,54478073	0,270177513	2793,951416
51,64668274	0,291817516	2800,064697
51,74860764	0,316779375	2806,181396
51,85050583	0,330684692	2812,295166
51,9524231	0,350987852	2818,408691
52,05446625	0,374020666	2824,532471
52,15648651	0,397952437	2830,654785
52,25842667	0,423914343	2836,769043
52,36027527	0,460036069	2842,880615
52,4622879	0,478258371	2849,00415
52,56427002	0,494610995	2855,118652
52,66617966	0,515593827	2861,235107
52,76802826	0,528168917	2867,346924
52,86999893	0,54010576	2873,4646
52,97201538	0,554712772	2879,584473
53,07400131	0,571581781	2885,703369
53,17591095	0,600271046	2891,820068
53,27790451	0,625095606	2897,940186
53,37988281	0,637346745	2904,055664
53,48177338	0,675413311	2910,171387
53,58370209	0,706644654	2916,286377
53,68558502	0,728444338	2922,39917
53,7875061	0,741640627	2928,516846
53,889431	0,755343437	2934,629639
53,99137878	0,771494567	2940,749023
54,09325027	0,796682894	2946,859863
54,19517899	0,832422614	2952,976074
54,29716873	0,862062991	2959,096436
54,39909744	0,86864531	2965,211914
54,50103378	0,867799044	2971,325684
54,60297394	0,873323143	2977,445801
54,70488739	0,878294647	2983,558838
54,80680466	0,892484605	2989,675781
54,90880203	0,912105024	2995,793457
55,01076126	0,946305394	3001,912354
55,11278152	0,977650046	3008,031982
55,21468353	1,007433891	3014,145264
55,31669998	1,031672478	3020,267334
55,41855621	1,064079881	3026,378906
55,52039719	1,107411265	3032,488525
55,62236404	1,143476605	3038,607666
55,72425842	1,152699471	3044,719971
55,82625961	1,149680853	3050,84082
55,92815781	1,152296424	3056,956543
56,03016281	1,15171802	3063,074951
56,13214874	1,148245096	3069,195068
56,23407364	1,153392553	3075,308594
56,33601379	1,171024084	3081,42627
56,43809509	1,181803584	3087,547363
56,53997421	1,197622538	3093,663818
56,64198685	1,230009198	3099,781982
56,74393463	1,261213064	3105,901611
56,84590149	1,341232657	3112,017578
56,94789886	1,413336396	3118,140869
57,04985046	1,422207594	3124,259277
57,15182114	1,421040893	3130,373047
57,25381088	1,4281317	3136,493896
57,35583878	1,44552958	3142,615967
57,45793915	1,471524119	3148,741699
57,55988693	1,49499619	3154,856689
57,66179657	1,512200117	3160,973145
57,76370621	1,533589602	3167,087158
57,8656044	1,569310546	3173,200684
57,96761322	1,600860596	3179,32373
58,06976318	1,635781527	3185,452393
58,17173004	1,683385015	3191,56665
58,27366257	1,717765093	3197,68457
58,37552643	1,740975738	3203,797607
58,47746658	1,756127715	3209,914795
58,57939148	1,780354857	3216,0271
58,68132782	1,826608062	3222,145264
58,78320313	1,86731708	3228,256836
58,88515091	1,901766062	3234,373291
58,98707199	1,942437649	3240,490234
59,08901215	1,981812119	3246,60376
59,19100952	2,013685703	3252,726074
59,29305267	2,044187546	3258,84668
59,39503479	2,08847332	3264,96582
59,4970932	2,125370026	3271,09082
59,59896851	2,161612034	3277,201904
59,7009697	2,208771229	3283,323486
59,80287933	2,259334087	3289,437256
59,90481949	2,300220013	3295,552734
60,00675201	2,345692635	3301,669678
60,1087265	2,381112576	3307,786133
60,21054077	2,426216841	3313,896729
60,31255341	2,474440336	3320,018799
60,414505	2,5250175	3326,132324
60,51634216	2,603860378	3332,244873
60,61831284	2,678039551	3338,363037
60,72023392	2,730017424	3344,477783
60,82210541	2,789480686	3350,591064
60,92398834	2,833574057	3356,705322
61,02594376	2,892913818	3362,822266
61,12789536	2,960489273	3368,935059
61,22977829	3,02999115	3375,050049
61,33158875	3,097757339	3381,161133
61,43361664	3,150494099	3387,28125
61,53567886	3,197895527	3393,404541
61,63760757	3,278083801	3399,518799
61,73962784	3,371824741	3405,641602
61,84165955	3,467801571	3411,763916
61,94364548	3,568625689	3417,881592
62,04564667	3,675295353	3424,00293
62,1475296	3,777909994	3430,116211
62,24944305	3,89244628	3436,22998
62,35137177	3,995834112	3442,34668
62,45336151	4,119008541	3448,466797
62,55527115	4,226305962	3454,580811
62,65726852	4,349392891	3460,700195
62,75923157	4,48628521	3466,817627
62,86108017	4,644275188	3472,929199
62,96309662	4,785347939	3479,049805
63,06502533	4,946991444	3485,16626
63,1668663	5,072743893	3491,279053
63,26884079	5,221110821	3497,393311
63,3706665	5,379899025	3503,504639
63,47270966	5,555252075	3509,626709
63,57475662	5,755788803	3515,750977
63,67682648	5,97581625	3521,873535
63,77891159	6,157903194	3527,999756
63,88074875	6,344388485	3534,110107
63,98262405	6,540472031	3540,222412
64,08451843	6,748782635	3546,335938
64,18643188	6,983521461	3552,450439
64,28852081	7,215456009	3558,575684
64,39065552	7,43866539	3564,702637
64,49259949	7,72333622	3570,820313
64,59461975	7,973538399	3576,942627
64,69665527	8,19330883	3583,06543
64,79886627	8,454644203	3589,199463
64,90106201	8,740077972	3595,329346
65,00324249	9,006278038	3601,458496
65,10520935	9,317154884	3607,575195
65,20732117	9,691533089	3613,704834
65,30940247	9,990675926	3619,827148
65,41130829	10,32915688	3625,941406
65,51335907	10,6867094	3632,067627
65,61546326	11,09818363	3638,194824
65,71751404	11,46703625	3644,316895
65,81961823	11,859972	3650,439941
65,92169952	12,25877857	3656,566162
66,02385712	12,68229771	3662,69751
66,12588501	13,05999088	3668,820068
66,22808075	13,46321106	3674,949463
66,33023071	13,91030884	3681,079102
66,43235779	14,37300777	3687,208984
66,53464508	14,81742573	3693,344482
66,63659668	15,22964382	3699,461182
66,73861694	15,72047615	3705,581055
66,84075165	16,2055378	3711,710449
66,94272614	16,6756897	3717,831055
67,04473877	17,11278152	3723,949707
67,14665222	17,56170654	3730,066895
67,24879456	18,02358246	3736,193848
67,35086823	18,46136093	3742,319336
67,45291901	18,92014694	3748,441895
67,55496979	19,38967896	3754,564453
67,65699005	19,81646919	3760,685547
67,75891113	20,24642372	3766,798584
67,86082458	20,67771149	3772,915527
67,96260071	21,08375168	3779,019775
68,06459045	21,44346809	3785,144775
68,1667099	21,80459976	3791,266602
68,26864624	22,18002319	3797,386475
68,37065125	22,52426529	3803,503662
68,47260284	22,80927849	3809,619385
68,57456207	23,08694267	3815,740234
68,6763916	23,33635712	3821,848633
68,77830505	23,5700264	3827,962158
68,88026428	23,76663208	3834,081787
68,98214722	23,92985153	3840,192871
69,08409119	24,09650421	3846,311279
69,18599701	24,22698212	3852,425781
69,28787994	24,30320358	3858,537842
69,38978577	24,36942101	3864,6521
69,49169159	24,38585854	3870,765869
69,59366608	24,37451744	3876,884766
69,69567871	24,33806229	3883,004883
69,79756927	24,28577232	3889,121094
69,89958954	24,21408081	3895,240234
70,00153351	24,11127663	3901,358154
70,1036377	23,99902916	3907,484375
70,20561218	23,90923882	3913,600342
70,30753326	23,81009102	3919,717285
70,40952301	23,63642502	3925,836914
70,51163483	23,38702583	3931,962646
70,61370087	23,08876228	3938,087646
70,71559906	22,70442581	3944,199951
70,81741333	22,28187561	3950,310791
70,91950989	21,74583817	3956,436279
71,02142334	21,1953392	3962,549561
71,12337494	20,66288185	3968,667725
71,22540283	20,11994362	3974,79126
71,32744598	19,54854774	3980,912354
71,42948914	18,97517776	3987,0354
71,53149414	18,38835716	3993,15625
71,63329315	17,78165627	3999,263428
71,73522949	17,13348961	4005,379639
71,83718109	16,52836227	4011,499023
71,93922424	15,89682484	4017,619385
72,04132843	15,30251598	4023,745605
72,14337158	14,68348312	4029,869385
72,24536896	14,08530521	4035,98999
72,34747314	13,46226788	4042,115967
72,44953156	12,89759445	4048,238281
72,55146027	12,31612015	4054,356201
72,65354156	11,77183914	4060,481445
72,75547791	10,87928867	4066,597168
72,85760498	7,875327587	4072,721924
72,9595108	8,008470535	4078,835449
73,06147003	8,323672295	4084,955322
73,1634903	8,458477974	4091,074219
73,26538849	8,409118652	4097,188477
73,36727142	8,214472771	4103,302734
73,46918488	7,946454525	4109,41748
73,57106781	7,633543968	4115,530762
73,67300415	7,269760609	4121,647949
73,77494049	6,923722744	4127,762207
73,87675476	6,565128803	4133,873047
73,97883606	6,205009937	4139,998047
74,08094788	5,846385956	4146,124023
74,18296051	5,536000252	4152,246094
74,28490448	5,211101532	4158,36084
74,38687897	4,915421486	4164,480469
74,48877716	4,6114254	4170,594238
74,59079742	4,357222557	4176,713379
74,69272614	4,114641666	4182,831055
74,7946167	3,863331795	4188,943848
74,89645386	3,639533281	4195,055176
74,99843597	3,443911552	4201,170898
75,10032654	3,28605628	4207,285645
75,20223236	3,096335411	4213,400391
75,30413818	2,904178858	4219,513672
75,40608215	2,716499805	4225,632324
75,50804901	2,529174328	4231,750488
75,61001587	2,338964224	4237,869141
75,71193695	2,188811064	4243,983398
75,81398773	2,049007893	4250,109375
75,91592407	1,900527835	4256,222656
76,01810455	1,746953011	4262,352051
76,12014008	1,637981057	4268,475586
76,22212982	1,540827155	4274,595703
76,32418823	1,396685839	4280,719238
76,42618561	1,210582614	4286,838379
76,52822113	1,074843407	4292,962891
76,63026428	0,955527484	4299,083496
76,73226166	0,826852143	4305,20166
76,83423615	0,713756382	4311,322266
76,93636322	0,649873137	4317,449707
77,03851318	0,562492192	4323,580078
77,14056396	0,457463861	4329,70166
77,24261475	0,333155125	4335,824219
77,34450531	0,26801461	4341,939453
77,44643402	0,197029233	4348,054688
77,54833984	0,114256188	4354,165527
77,65035248	0,052777931	4360,290527
77,75246429	-0,005794533	4366,415527
77,85440826	-0,080553137	4372,532227
77,95635223	-0,15698801	4378,647949
78,0582962	-0,217543498	4384,76416
78,16041565	-0,267247409	4390,895508
78,26242065	-0,31466189	4397,01416
78,36466217	-0,377808779	4403,145508
78,4668045	-0,413421452	4409,274902
78,56894684	-0,449301243	4415,405762
78,67115021	-0,503189683	4421,537598
78,77336121	-0,54073441	4427,670898
78,87557983	-0,589379609	4433,803711
78,9778595	-0,631300271	4439,94043
79,0801239	-0,680005312	4446,077637
79,18235016	-0,717520416	4452,206543
79,28455353	-0,742887735	4458,342285
79,3866806	-0,777111411	4464,469727
79,4886322	-0,805132329	4470,585449
79,59072876	-0,844727159	4476,712891
79,69264221	-0,887013257	4482,826172
79,79458618	-0,915190637	4488,946289
79,89654541	-0,950300157	4495,059082
79,99845886	-0,988412559	4501,173828
80,10037231	-1,011400819	4507,289063
80,2023468	-1,039061427	4513,406738
80,30445862	-1,064249992	4519,533203
80,40641785	-1,085904121	4525,652832
80,50828552	-1,124103189	4531,763672
80,61022949	-1,163368702	4537,880371
80,7122345	-1,191351295	4544,002441
80,81430817	-1,197760224	4550,127441
80,91630554	-1,217419386	4556,245117
81,01824188	-1,249432802	4562,361816
81,12028503	-1,287788868	4568,483887
81,22222137	-1,320602179	4574,601563
81,32415009	-1,346222639	4580,71582
81,42615509	-1,374395847	4586,838379
81,52822113	-1,390259266	4592,961426
81,63021088	-1,400894642	4599,079102
81,73208618	-1,414310694	4605,194336
81,83396149	-1,421734571	4611,304688
81,93585205	-1,441870213	4617,42041
82,03791809	-1,462992787	4623,543457
82,13985443	-1,488830566	4629,660156
82,24186707	-1,503256917	4635,780762
82,34378815	-1,519496441	4641,896973
82,445755	-1,525575876	4648,01709
82,5475769	-1,542684317	4654,126953
82,64957428	-1,553362846	4660,245605
82,75157928	-1,549644232	4666,368164
82,8535614	-1,547703505	4672,483398
82,95548248	-1,554513812	4678,601074
83,05751801	-1,558342814	4684,721191
83,15949249	-1,557204247	4690,843262
83,26156616	-1,557960033	4696,969238
83,36357117	-1,564059138	4703,087402
83,46559143	-1,563556075	4709,20752
83,56760406	-1,563575625	4715,330566
83,66953278	-1,569850564	4721,444336
83,77160645	-1,575924397	4727,569824
83,87367249	-1,579994798	4733,695313
83,97572327	-1,575964332	4739,816406
84,07775116	-1,571208477	4745,939941
84,17979431	-1,565827489	4752,060059
84,2817688	-1,563340664	4758,178223
84,38374329	-1,560248137	4764,300293
84,48574829	-1,558567762	4770,42041
84,58772278	-1,558925629	4776,538086
84,68974304	-1,557225943	4782,658691
84,7917099	-1,552377462	4788,776367
84,89368439	-1,550837278	4794,895508
84,99571228	-1,550454259	4801,018555
85,09771729	-1,550241709	4807,13623
85,19965363	-1,549539804	4813,25293
85,30162811	-1,547582626	4819,371582
85,40359497	-1,54731822	4825,489746
85,50562286	-1,543581486	4831,612305
85,60760498	-1,53804493	4837,731445
85,70961761	-1,535189748	4843,851563
85,81159973	-1,534814596	4849,96875
85,9135437	-1,533514142	4856,087891
86,01548004	-1,53268373	4862,202148
86,11750793	-1,52771318	4868,324707
86,21945953	-1,523402214	4874,440918
86,32147217	-1,516165853	4880,563477
86,42324829	-1,512445092	4886,670898
86,5251236	-1,511988997	4892,782227
86,62705231	-1,512378931	4898,897461
86,72896576	-1,512873292	4905,011719
86,83091736	-1,51226151	4911,130859
86,93299103	-1,514885664	4917,25293
87,03505707	-1,515876889	4923,379395
87,13710022	-1,513355136	4929,500977
87,23905945	-1,511002541	4935,620605
87,34111786	-1,51150775	4941,740723
87,44314575	-1,509027481	4947,863281
87,54509735	-1,505954504	4953,978027
87,64700317	-1,503480434	4960,09375
87,74886322	-1,503070593	4966,203613
87,8507843	-1,504440784	4972,322266
87,95272064	-1,506534696	4978,437988
88,05467224	-1,50871408	4984,552734
88,15662384	-1,510330677	4990,670898
88,25854492	-1,508776546	4996,788086
88,36056519	-1,512290359	5002,907227
88,46237183	-1,51458168	5009,01709
88,56425476	-1,516488552	5015,128418
88,66616058	-1,516075611	5021,242676
88,76817322	-1,516058683	5027,363281
88,87003326	-1,518077493	5033,476074
88,97195435	-1,521783471	5039,59082
89,07379913	-1,526069045	5045,702148
89,17568207	-1,532279968	5051,812988
89,27759552	-1,5405792	5057,928223
89,37950897	-1,548143268	5064,043457
89,4813385	-1,545195937	5070,154297
89,58324432	-1,552809119	5076,268555
89,68521118	-1,569800258	5082,387207
89,78715515	-1,586902738	5088,50293
89,88909149	-1,59053123	5094,617676
89,99108124	-1,591808438	5100,740234
90,09305573	-1,599406123	5106,855469
90,19488525	-1,601286173	5112,967773
90,29694366	-1,608341694	5119,088867
90,39888763	-1,614994764	5125,208984
90,50102997	-1,625244975	5131,337402
90,60312653	-1,640667081	5137,460938
90,70513916	-1,649531364	5143,583496
90,80712128	-1,667336345	5149,701172
90,90914917	-1,684220433	5155,824707
91,01119232	-1,698086619	5161,944824
91,1132431	-1,719340324	5168,066895
91,21524048	-1,746340394	5174,188965
91,31735992	-1,7593894	5180,314941
91,41933441	-1,766398787	5186,435059
91,52133179	-1,777615309	5192,555176
91,62333679	-1,797017813	5198,672852
91,72522736	-1,804566503	5204,788086
91,82718658	-1,806863785	5210,90332
91,92908478	-1,821982265	5217,016602
92,03105927	-1,837623954	5223,137207
92,1329422	-1,851453424	5229,247559
92,23485565	-1,857435226	5235,36377
92,33674622	-1,879894495	5241,476563
92,43872833	-1,906287551	5247,596191
92,54071808	-1,921104431	5253,71582
92,6427002	-1,938491702	5259,833496
92,74468994	-1,96729672	5265,954102
92,84656525	-2,006928921	5272,066406
92,94844055	-2,024964809	5278,179688
93,05042267	-2,039150476	5284,299316
93,15242767	-2,057193041	5290,416504
93,25436401	-2,083516836	5296,536621
93,35639954	-2,106709957	5302,65625
93,45829773	-2,136264801	5308,771973
93,56021881	-2,167776585	5314,885742
93,66214752	-2,192941189	5321,001465
93,7640686	-2,223686218	5327,117676
93,86597443	-2,255149126	5333,231934
93,9678421	-2,276335955	5339,34375
94,06976318	-2,289561033	5345,458008
94,17165375	-2,294760227	5351,572266
94,27361298	-2,324464321	5357,689453
94,37567902	-2,36570859	5363,812988
94,47769928	-2,391329765	5369,932617
94,57964325	-2,424786091	5376,052734
94,68157196	-2,452165842	5382,165527
94,78359222	-2,483985424	5388,288086
94,88551331	-2,506169558	5394,401855
94,9874649	-2,529160023	5400,521484
95,08953094	-2,565997362	5406,64502
95,19139099	-2,589435577	5412,756836
95,29331207	-2,611189127	5418,873047
95,3953476	-2,64521718	5424,994629
95,49727631	-2,681444645	5431,109863
95,59925842	-2,709876299	5437,228027
95,7011795	-2,720171213	5443,344727
95,80309296	-2,740696907	5449,45752
95,90503693	-2,772135019	5455,576172
96,00705719	-2,793543577	5461,696289
96,10897827	-2,807559252	5467,812988
96,21086121	-2,833027124	5473,924805
96,31293488	-2,859933853	5480,049805
96,41484833	-2,882675648	5486,16748
96,5167923	-2,907038212	5492,282715
96,61875916	-2,938310623	5498,399902
96,72071838	-2,969329357	5504,515625
96,82259369	-3,00683713	5510,628906
96,92455292	-3,048281908	5516,748047
97,02648163	-3,069463491	5522,863281
97,12841797	-3,106738806	5528,980957
97,23040771	-3,136334896	5535,096191
97,33241272	-3,174077272	5541,219238
97,43440247	-3,222321272	5547,339844
97,53639221	-3,269443989	5553,458008
97,63838959	-3,308811903	5559,579102
97,74031067	-3,364114046	5565,693848
97,84239197	-3,406556368	5571,821289
97,94429016	-3,445219755	5577,931641
98,04618835	-3,477919102	5584,044922
98,14810181	-3,509151459	5590,161621
98,25003815	-3,558588028	5596,276367
98,35194397	-3,596473217	5602,391113
98,45387268	-3,614755869	5608,508789
98,55581665	-3,646379709	5614,625
98,65774536	-3,688881636	5620,73877
98,75969696	-3,717367411	5626,858398
98,86158752	-3,718093872	5632,970703
98,96352386	-3,740001678	5639,086914
99,06551361	-3,768348217	5645,20752
99,16738892	-3,78264761	5651,318848
99,26934052	-3,806988955	5657,437988
99,37129974	-3,842616558	5663,554199
99,47311401	-3,861400366	5669,663574
99,57513428	-3,877142906	5675,785156
99,67708588	-3,902477503	5681,901855
99,77898407	-3,928438187	5688,014648
99,88089752	-3,957424164	5694,129883
99,98279572	-3,978408575	5700,244629
