scan 520/11/202208:56:57		
temp(C)	power	time(seconds)
5,117547512	377,09552	6,11400795
5,221844196	376,2235718	12,22840691
5,322951317	304,6713562	18,33943939
5,423857212	250,2458038	24,45780754
5,524627209	207,9112244	30,5761776
5,625367165	171,1544495	36,69442368
5,725970268	138,5795746	42,80282974
5,826642036	110,2963104	48,91905975
5,927506447	86,33963013	55,04185867
6,028298855	66,6137619	61,15683365
6,129080772	50,73329163	67,27269745
6,229881763	38,20825958	73,38902283
6,330768108	28,44376373	79,50930023
6,431624889	20,91273499	85,62230682
6,532534599	15,22769547	91,73834991
6,633430004	10,9974823	97,85022736
6,734363556	7,85143137	103,9635773
6,835434437	5,551130772	110,0812454
6,93648243	3,935104847	116,1962509
7,037620544	2,837901831	122,314476
7,138842106	2,108248949	128,4349365
7,239973068	1,618241668	134,5475159
7,341128826	1,361961603	140,6616669
7,442230225	1,257795572	146,7700195
7,543320179	1,271483898	152,8751831
7,644742966	1,320815921	159,001236
7,746059418	1,464458108	165,1172638
7,847484112	1,6225245	171,2398224
7,948668003	1,77810204	177,3453217
8,050099373	1,983764291	183,4644623
8,15145874	2,207015038	189,578476
8,252838135	2,413372993	195,6915894
8,354262352	2,612438679	201,806015
8,45561409	2,790357828	207,9134979
8,557107925	2,948649883	214,0331421
8,658542633	3,086062431	220,1446838
8,760056496	3,226108074	226,2615051
8,861666679	3,358943462	232,3840942
8,963242531	3,483206034	238,5005493
9,064796448	3,611323595	244,6168976
9,16642952	3,727205038	250,7329407
9,268018723	3,830387115	256,8534546
9,369631767	3,932399035	262,9676514
9,471282005	4,013611794	269,0867004
9,572829247	4,087452888	275,1982727
9,674388885	4,158165455	281,3084106
9,775885582	4,226912022	287,4129028
9,877444267	4,290653229	293,5256348
9,979186058	4,349898815	299,6454468
10,08079052	4,394337177	305,7575684
10,18224525	4,432149887	311,8574829
10,28395081	4,463817596	317,973877
10,38556194	4,487645626	324,0840454
10,48729706	4,51028347	330,2025452
10,58901501	4,540626526	336,3165283
10,69076061	4,568379879	342,4345093
10,79242039	4,602796078	348,5437927
10,89412403	4,650977135	354,65802
10,99585152	4,695051193	360,7743225
11,09764385	4,738543034	366,8883972
11,199296	4,785604	372,9978333
11,30101871	4,847956657	379,1112061
11,40275288	4,908868313	385,2242126
11,50438786	4,965624809	391,328949
11,60614586	5,020825386	397,4465332
11,7078619	5,061178207	403,5585938
11,80971813	5,102870464	409,674408
11,91140938	5,146405697	415,78479
12,01316929	5,191658974	421,8961792
12,11483479	5,24503231	428,0040283
12,21654606	5,290250778	434,1143799
12,31831264	5,325242043	440,223999
12,42010212	5,361560822	446,3400574
12,52199841	5,405344963	452,4598694
12,62384129	5,444236279	458,5744629
12,72561836	5,475949764	464,6860657
12,8274765	5,520838737	470,8049011
12,92932796	5,551606655	476,9191895
13,03118801	5,579199791	483,0379944
13,13324261	5,600839138	489,1667786
13,23508453	5,631306171	495,2793274
13,33692646	5,663767815	501,3950195
13,43881989	5,689444065	507,5112305
13,54074097	5,709173203	513,6316528
13,6426506	5,739080906	519,7489624
13,74461079	5,772405624	525,8716431
13,84650803	5,795044422	531,9886475
13,94834614	5,813001633	538,0994873
14,0501709	5,83653307	544,2155762
14,15210915	5,862419128	550,3353271
14,25410461	5,881890297	556,4544678
14,3559103	5,896764755	562,5700073
14,45767975	5,922096729	568,6789551
14,55953979	5,949730873	574,7919922
14,66142654	5,967184067	580,9055176
14,76327038	5,982306957	587,0183105
14,86504936	6,001643181	593,1287842
14,96700668	6,021146774	599,2478027
15,06877613	6,034043312	605,3568115
15,17064285	6,054629803	611,4692383
15,27249908	6,081967354	617,5822144
15,37431431	6,104741096	623,6950684
15,4762125	6,124129295	629,8121338
15,57814789	6,14158535	635,9268188
15,67993355	6,150346756	642,0375977
15,7819128	6,162358761	648,1575317
15,88378143	6,178217888	654,2694092
15,98569107	6,206514359	660,3873291
16,08757591	6,232549191	666,5024414
16,18941879	6,241548061	672,6141968
16,2913723	6,246133327	678,730957
16,39321899	6,258419514	684,8439941
16,49520111	6,269893169	690,9638062
16,59719658	6,272105217	697,0828247
16,69899178	6,278230667	703,1912842
16,80095291	6,290724277	709,3099976
16,90286255	6,300714493	715,4267578
17,0048275	6,301425934	721,5419312
17,10674667	6,299139977	727,6578369
17,20874405	6,301643372	733,781311
17,31054306	6,298045158	739,8881226
17,41246223	6,294499874	746,0025024
17,51434898	6,295571804	752,1189575
17,6163063	6,294547558	758,2385864
17,71816444	6,292598248	764,3482056
17,82014465	6,28935194	770,4662476
17,92205048	6,286614895	776,5841064
18,02399826	6,284770489	782,6962891
18,1257782	6,282837391	788,8060303
18,22767639	6,28095293	794,9193726
18,32946968	6,281051636	801,0253296
18,43143082	6,281208515	807,147522
18,53340721	6,280741215	813,2667847
18,63535309	6,278223038	819,385498
18,73737717	6,275782585	825,5056763
18,83934975	6,272079468	831,6235352
18,941185	6,269977093	837,7337646
19,0429287	6,268081665	843,8387451
19,14489174	6,268366337	849,9575806
19,24683189	6,267124653	856,0777588
19,34885216	6,264811516	862,1975708
19,4507618	6,260968208	868,31073
19,55255318	6,255412579	874,4180298
19,65445137	6,251479149	880,5332031
19,75632858	6,245313168	886,6463013
19,85824966	6,239174843	892,760376
19,95994186	6,238875866	898,8656616
20,0618763	6,234175682	904,9818726
20,16386223	6,22642231	911,0994263
20,26584625	6,226011276	917,2208252
20,36787415	6,227115631	923,3414307
20,46986198	6,228291512	929,4633789
20,57170868	6,22849369	935,5713501
20,67359352	6,228420734	941,6869507
20,7755394	6,228658676	947,8035889
20,87737274	6,223018169	953,9109497
20,97920799	6,216069698	960,0213623
21,08110809	6,212092876	966,138855
21,18305016	6,211949348	972,2531738
21,28492165	6,211264133	978,3674316
21,38674545	6,213464737	984,4746704
21,48866653	6,216734886	990,5898438
21,59052086	6,219006062	996,7037354
21,69233322	6,219385624	1002,812256
21,79410744	6,219186306	1008,91687
21,89587212	6,219465256	1015,022766
21,99765205	6,220950127	1021,133301
22,09944344	6,2224226	1027,238037
22,2011013	6,22441721	1033,339355
22,3030529	6,229253769	1039,458008
22,40499306	6,234920025	1045,571777
22,50691795	6,236717701	1051,689087
22,60885811	6,238288879	1057,807007
22,71076393	6,239406586	1063,919312
22,81266785	6,246162891	1070,035156
22,91466522	6,257778168	1076,153931
23,01642609	6,274037838	1082,260864
23,11830139	6,284997463	1088,373291
23,22002792	6,287037373	1094,47644
23,32192612	6,29059267	1100,591553
23,42389297	6,295548439	1106,708374
23,5258503	6,307469845	1112,827026
23,62789726	6,315764427	1118,949829
23,72995567	6,332424641	1125,069824
23,83198547	6,343855381	1131,19458
23,93401337	6,354700565	1137,317993
24,03598022	6,371054173	1143,431885
24,13788795	6,382173538	1149,54834
24,23974419	6,401360035	1155,660645
24,34165764	6,417127609	1161,776245
24,44359207	6,428717613	1167,890381
24,54563141	6,450541973	1174,01416
24,64751625	6,475302696	1180,125244
24,74947739	6,492679119	1186,24231
24,85130119	6,508019924	1192,355591
24,9532547	6,520895958	1198,471313
25,05507851	6,512872219	1204,579712
25,15698814	6,516194344	1210,696777
25,25876236	6,52965641	1216,800171
25,36070061	6,564049244	1222,918091
25,46254921	6,603455544	1229,029785
25,56454659	6,620795727	1235,150024
25,66643524	6,643528461	1241,264038
25,76842308	6,668575287	1247,381836
25,87023544	6,698091507	1253,490967
25,97214127	6,718020439	1259,603027
26,07382774	6,742830276	1265,708008
26,17578125	6,768823147	1271,822998
26,27775383	6,793201923	1277,943359
26,379673	6,811948776	1284,057739
26,48163605	6,826821804	1290,176392
26,5836544	6,854054451	1296,296265
26,68552017	6,878913879	1302,409546
26,78747368	6,894328117	1308,526001
26,88934326	6,917247295	1314,635376
26,99122047	6,936973095	1320,750854
27,09316063	6,965034008	1326,866211
27,19511414	6,983015537	1332,986084
27,29718018	7,002436638	1339,110962
27,399086	7,014612675	1345,223389
27,50094032	7,028398514	1351,334351
27,60294914	7,047472954	1357,454712
27,70479393	7,072628021	1363,566772
27,80664635	7,083723545	1369,677246
27,90858841	7,091398716	1375,791504
28,01049232	7,110699177	1381,90564
28,11235619	7,13192749	1388,017578
28,21424484	7,153926849	1394,135132
28,31621552	7,171523571	1400,248779
28,41803741	7,188459396	1406,358398
28,51989555	7,224002838	1412,470581
28,62169838	7,245622158	1418,579224
28,7236805	7,256810665	1424,69873
28,82562256	7,278064251	1430,814331
28,92750359	7,312026978	1436,928711
29,02958488	7,348079681	1443,052368
29,13154602	7,376363754	1449,170044
29,23345757	7,38940382	1455,284912
29,33540344	7,396072865	1461,401978
29,43727684	7,409110546	1467,516479
29,53920555	7,409644127	1473,629028
29,64096642	7,424869061	1479,734985
29,7428112	7,441538334	1485,846558
29,84480095	7,461066723	1491,963379
29,94670105	7,483297348	1498,080933
30,04863167	7,509794712	1504,197388
30,15054893	7,5402174	1510,310425
30,2525177	7,580324173	1516,427124
30,35448647	7,608077049	1522,544922
30,45628929	7,636231899	1528,655273
30,55829811	7,651531219	1534,776855
30,66023445	7,663027287	1540,890503
30,76227951	7,68423748	1547,016113
30,86428452	7,706076622	1553,133545
30,96610832	7,723459244	1559,23999
31,06798363	7,740370274	1565,35376
31,16981506	7,754926205	1571,465576
31,27176666	7,778583527	1577,584961
31,37361145	7,798902512	1583,694092
31,47551346	7,811952114	1589,807129
31,5773735	7,818529606	1595,918823
31,67925644	7,836711884	1602,032837
31,78118706	7,857791424	1608,147095
31,88317871	7,886087418	1614,268311
31,98511124	7,895002842	1620,385864
32,08703613	7,917415142	1626,498779
32,18901062	7,941606045	1632,617798
32,29091644	7,978979588	1638,733521
32,39279175	8,020120621	1644,84436
32,49469376	8,036466599	1650,959473
32,59667206	8,043887138	1657,076904
32,6986084	8,053976059	1663,192627
32,80052567	8,08160305	1669,308838
32,90255737	8,104010582	1675,429321
33,00435257	8,121409416	1681,536865
33,10634232	8,143265724	1687,658447
33,20804214	8,179738998	1693,758301
33,30992508	8,21437645	1699,871582
33,41182327	8,248727798	1705,985718
33,51363754	8,263914108	1712,095093
33,61551285	8,275866508	1718,209351
33,71751404	8,281240463	1724,327271
33,8195076	8,275722504	1730,44873
33,92147446	8,283021927	1736,565063
34,02346802	8,312706947	1742,684692
34,12539291	8,336782455	1748,801758
34,2273407	8,347208977	1754,919189
34,32917404	8,367986679	1761,026367
34,43115997	8,391545296	1767,146606
34,53300476	8,417627335	1773,257202
34,63497543	8,437890053	1779,377075
34,73674011	8,472159386	1785,48291
34,83860779	8,514325142	1791,59375
34,94047165	8,53602314	1797,70813
35,04257584	8,551818848	1803,834595
35,14457321	8,567569733	1809,953003
35,24650574	8,57585907	1816,070313
35,34841156	8,600600243	1822,181396
35,45046234	8,628593445	1828,30481
35,55234146	8,647467613	1834,417969
35,65426254	8,666049957	1840,533203
35,7562027	8,679232597	1846,648682
35,85813141	8,704863548	1852,764771
35,96006012	8,73008728	1858,881714
36,06204987	8,747878075	1865,001587
36,16393661	8,758482933	1871,113037
36,26583481	8,779669762	1877,228027
36,3678627	8,803094864	1883,349609
36,46973801	8,827116013	1889,460083
36,57168961	8,855918884	1895,579834
36,67365646	8,88045311	1901,695923
36,77572632	8,912125587	1907,820801
36,87765121	8,925717354	1913,932617
36,97954941	8,942466736	1920,049683
37,08145523	8,982894897	1926,165771
37,18338013	9,01977253	1932,282837
37,28526688	9,045181274	1938,392334
37,38705063	9,069725037	1944,502808
37,48895645	9,091743469	1950,615845
37,59101105	9,111515045	1956,739624
37,69284439	9,138541222	1962,847778
37,79473877	9,178504944	1968,961792
37,89668655	9,202425957	1975,0802
37,99854279	9,224153519	1981,191162
38,10055161	9,235170364	1987,310181
38,2023468	9,249187469	1993,41748
38,30424118	9,273652077	1999,532715
38,40617371	9,294805527	2005,646973
38,50812912	9,320935249	2011,765625
38,6099968	9,351343155	2017,876343
38,71188736	9,39286232	2023,992065
38,81375885	9,419008255	2030,104248
38,91576385	9,448561668	2036,223877
39,01764297	9,473190308	2042,335449
39,11950302	9,498764992	2048,447998
39,22129059	9,540485382	2054,556641
39,32315445	9,564374924	2060,667236
39,42503357	9,590600014	2066,77832
39,52693939	9,622574806	2072,896484
39,62896729	9,650180817	2079,014893
39,73078156	9,681246758	2085,124512
39,83259201	9,717554092	2091,234131
39,93458557	9,748011589	2097,352783
40,03646088	9,776447296	2103,465332
40,13832855	9,800779343	2109,577637
40,24034119	9,831303596	2115,696289
40,34216309	9,850424767	2121,805908
40,44416809	9,87128067	2127,926514
40,54610062	9,901960373	2134,040283
40,64794922	9,943753242	2140,155518
40,74989319	9,962470055	2146,272705
40,85186005	9,982258797	2152,388672
40,95384979	9,992854118	2158,507324
41,05570984	10,01033783	2164,619873
41,15766525	10,04720306	2170,73584
41,25960541	10,08560562	2176,853516
41,36148834	10,11924171	2182,966064
41,46349335	10,13819027	2189,087646
41,56542969	10,15859604	2195,204346
41,66741943	10,19241714	2201,322266
41,76932907	10,22738361	2207,436279
41,87127304	10,25981236	2213,551514
41,97321701	10,29114437	2219,669434
42,07514191	10,31485462	2225,784424
42,17688751	10,35120392	2231,890625
42,27888107	10,37411785	2238,008301
42,38071823	10,40436459	2244,118408
42,48258972	10,43391991	2250,232178
42,58430481	10,4629755	2256,335693
42,68614578	10,49538326	2262,446045
42,7881279	10,51563168	2268,561768
42,89005661	10,55134583	2274,679199
42,99192429	10,56677723	2280,792236
43,09382248	10,58459949	2286,904541
43,19565964	10,60240364	2293,013428
43,29747391	10,64038658	2299,124023
43,39938736	10,69069386	2305,234863
43,50126648	10,74484062	2311,351318
43,60319901	10,78272247	2317,465332
43,70512009	10,8258028	2323,581299
43,80693817	10,87587833	2329,690918
43,90872192	10,89312172	2335,79834
44,01058578	10,90375328	2341,910889
44,11252975	10,94037056	2348,027344
44,21445465	10,97349453	2354,143311
44,3163414	11,00361729	2360,255127
44,41824341	11,02267933	2366,369629
44,52015305	11,04134846	2372,483643
44,62201691	11,06721401	2378,59668
44,72385788	11,09632587	2384,708252
44,82573318	11,13748169	2390,817871
44,92761993	11,17882919	2396,931396
45,02953339	11,21121311	2403,047607
45,13149261	11,24720478	2409,165283
45,2334671	11,27048111	2415,281494
45,33539963	11,30693531	2421,398193
45,43742752	11,35116196	2427,521973
45,53939438	11,38703346	2433,639404
45,64136887	11,43653965	2439,758789
45,74331284	11,46482277	2445,873779
45,84524536	11,48563957	2451,988281
45,94714355	11,50548267	2458,101074
46,04893112	11,52883053	2464,209961
46,15089417	11,57092667	2470,329102
46,25285339	11,60092449	2476,445557
46,35486221	11,65082264	2482,566406
46,45681	11,71691799	2488,682129
46,55865479	11,75999069	2494,79248
46,66051102	11,79796791	2500,905029
46,76245499	11,83984852	2507,025391
46,86435318	11,87940216	2513,136719
46,96635818	11,89866066	2519,257324
47,06834412	11,91848564	2525,375488
47,17010117	11,94449425	2531,482178
47,27202988	11,97856045	2537,595215
47,37384033	12,00559521	2543,704834
47,47582245	12,0353117	2549,823242
47,57785034	12,08636856	2555,947021
47,67982483	12,13595963	2562,065186
47,78179932	12,18976784	2568,183838
47,88363266	12,23360729	2574,291992
47,98551178	12,27267551	2580,403809
48,08742905	12,31018543	2586,521729
48,1892662	12,33977699	2592,632324
48,2912941	12,37599945	2598,753662
48,39322662	12,42091656	2604,869141
48,49514008	12,46247005	2610,984131
48,59706116	12,50841999	2617,099121
48,69903564	12,54052925	2623,216064
48,8009758	12,57874775	2629,33252
48,90282822	12,61270905	2635,445557
49,00473785	12,65077019	2641,561035
49,10658264	12,684865	2647,667969
49,20845032	12,72021198	2653,781738
49,3103981	12,76219463	2659,897461
49,41231155	12,79128265	2666,011719
49,51414108	12,83986855	2672,123291
49,61611938	12,89504433	2678,241943
49,71809006	12,93091679	2684,361084
49,82004547	12,96674824	2690,476074
49,92198563	13,00288486	2696,595703
50,02391434	13,04894733	2702,710205
50,12581635	13,08744144	2708,823242
50,22774887	13,11409283	2714,94043
50,32977295	13,14928627	2721,059814
50,43167877	13,19864845	2727,175049
50,53359222	13,25384045	2733,290283
50,63545609	13,28520298	2739,40332
50,73731232	13,3216095	2745,513672
50,8391037	13,36807537	2751,621826
50,94092941	13,40974236	2757,73291
51,04290009	13,45674515	2763,849365
51,1448822	13,5069294	2769,968994
51,24687958	13,54301739	2776,089355
51,34892654	13,56435585	2782,20874
51,45085144	13,61280441	2788,327148
51,55282593	13,6530962	2794,443359
51,65480042	13,6944685	2800,563721
51,75683212	13,73634911	2806,681152
51,85858536	13,78509045	2812,789063
51,96036148	13,84741306	2818,895752
52,06223297	13,89937401	2825,009033
52,16417313	13,9376955	2831,124268
52,26599884	13,9878664	2837,235107
52,36787796	14,03234959	2843,349121
52,4697113	14,06699276	2849,458496
52,57165527	14,09711552	2855,575195
52,67359924	14,13271236	2861,6875
52,77538681	14,17325592	2867,797852
52,87732315	14,22166729	2873,91626
52,97920227	14,27618122	2880,025879
53,08111572	14,32621765	2886,14209
53,18304443	14,36228848	2892,259033
53,28494644	14,40341377	2898,37085
53,3868103	14,46928692	2904,484863
53,48871994	14,52554607	2910,599121
53,5906601	14,58777237	2916,713379
53,69258499	14,63576126	2922,828613
53,79442215	14,67550755	2928,942627
53,89622116	14,73691654	2935,047852
53,99808121	14,7884655	2941,162842
54,10011292	14,82143021	2947,279541
54,20201492	14,86670971	2953,397217
54,30396652	14,94938564	2959,512939
54,40581131	15,00003147	2965,62207
54,50771713	15,03827286	2971,737549
54,60963821	15,0845623	2977,85376
54,7116127	15,12018776	2983,968994
54,81357574	15,16149044	2990,091553
54,91557312	15,19799137	2996,206299
55,01745224	15,25359535	3002,321289
55,11931229	15,32831478	3008,435547
55,22132874	15,3825779	3014,554688
55,3232193	15,4315033	3020,667725
55,42521667	15,47835159	3026,787109
55,52709579	15,53771114	3032,900635
55,62887955	15,57948017	3039,006348
55,73075104	15,616642	3045,119385
55,83250046	15,67762184	3051,225098
55,93448257	15,74332905	3057,342041
56,03629303	15,79347134	3063,448242
56,13812256	15,83969688	3069,562012
56,24010849	15,89099026	3075,682373
56,34201431	15,95693779	3081,793945
56,44400024	16,00564766	3087,915039
56,54600906	16,05972862	3094,03418
56,64791107	16,12878609	3100,148682
56,74985504	16,18639755	3106,26709
56,85185242	16,23152924	3112,383789
56,9539032	16,27805519	3118,507568
57,05576324	16,32826614	3124,620361
57,1577034	16,3913269	3130,738281
57,25960159	16,45250702	3136,849854
57,36146164	16,53865242	3142,960938
57,46356201	16,61681747	3149,087891
57,56562042	16,70352936	3155,212158
57,66743469	16,77333069	3161,321533
57,76937485	16,84291077	3167,4375
57,87131119	16,90650749	3173,553711
57,97324371	16,98085594	3179,669922
58,07518005	17,06539345	3185,787109
58,17710495	17,13206673	3191,901123
58,27908707	17,21860695	3198,020264
58,38110352	17,29987144	3204,141357
58,48297882	17,37253571	3210,253662
58,58478928	17,45728302	3216,364502
58,68663788	17,54080582	3222,4729
58,78853607	17,63745689	3228,58667
58,89047623	17,72967339	3234,704102
58,99250793	17,82735443	3240,82666
59,09434128	17,92892838	3246,936035
59,19624329	18,01050568	3253,049316
59,29821014	18,08463669	3259,167969
59,40011978	18,1582737	3265,282227
59,5021019	18,25463295	3271,400635
59,60388565	18,34002876	3277,507324
59,70576859	18,45576668	3283,62207
59,80771637	18,58282471	3289,737793
59,9095993	18,68466568	3295,850586
60,0115509	18,78887749	3301,968262
60,11343384	18,87883949	3308,079102
60,21538925	19,00123787	3314,199219
60,31734467	19,13609505	3320,314941
60,41925049	19,26485634	3326,428711
60,52122116	19,42028236	3332,549072
60,62322235	19,56353951	3338,668945
60,72516632	19,71492004	3344,785645
60,82715607	19,85048103	3350,904541
60,929142	19,98877525	3357,022949
61,0310936	20,12952805	3363,141113
61,13306808	20,28098679	3369,26001
61,23496246	20,47228241	3375,372803
61,33685684	20,63021851	3381,486084
61,43892288	20,81731796	3387,61084
61,54087448	20,98661041	3393,726074
61,64267731	21,17917252	3399,836914
61,74472427	21,37374878	3405,958252
61,84659576	21,54382324	3412,071533
61,94853973	21,71824837	3418,185059
62,05046844	21,97097969	3424,302979
62,15235901	22,20156479	3430,417236
62,25424194	22,40999985	3436,528809
62,35617828	22,64530945	3442,645264
62,45814896	22,8780365	3448,765625
62,56015015	23,12488937	3454,883789
62,66205215	23,37479591	3460,996338
62,76381302	23,64157104	3467,103027
62,86585999	23,94235802	3473,227295
62,96778107	24,22449875	3479,3396
63,06971359	24,47747803	3485,458008
63,17159653	24,76459312	3491,570801
63,27352905	25,05731201	3497,686768
63,37540054	25,37497711	3503,799316
63,47738647	25,70264053	3509,918945
63,579422	26,0310173	3516,041504
63,68138504	26,39060402	3522,158691
63,78331757	26,7388134	3528,274902
63,88527679	27,10754204	3534,392334
63,98718643	27,46694946	3540,508057
64,08913422	27,82349586	3546,624268
64,19107819	28,20632553	3552,740479
64,29301453	28,60331345	3558,855225
64,39493561	29,03413963	3564,97168
64,49662781	29,4521389	3571,072266
64,59856415	29,89487457	3577,19043
64,70036316	30,30389023	3583,297852
64,80207062	30,7471981	3589,398438
64,90393829	31,17553711	3595,510742
65,00587463	31,64370918	3601,625244
65,10771179	32,1198349	3607,737793
65,20964813	32,63983154	3613,855713
65,3115921	33,138134	3619,968018
65,4135437	33,64659119	3626,087646
65,51548767	34,11029816	3632,20459
65,61737061	34,59346771	3638,314941
65,71912384	35,09744644	3644,422119
65,82099915	35,57265472	3650,533936
65,92286682	36,07443619	3656,647949
66,02478027	36,61756134	3662,762939
66,12648773	37,13758469	3668,863037
66,2284317	37,63665009	3674,977295
66,33029938	38,17622375	3681,091309
66,43224335	38,69768524	3687,20874
66,53414154	39,18091583	3693,320557
66,63606262	39,68716049	3699,4375
66,73803711	40,24282455	3705,556396
66,83986664	40,76270676	3711,666016
66,94177246	41,24263763	3717,782715
67,04375458	41,72838593	3723,901367
67,14568329	42,14757919	3730,01709
67,24752808	42,58767319	3736,126221
67,34951019	43,0099678	3742,246826
67,45147705	43,41047287	3748,367676
67,5535202	43,82999039	3754,485352
67,65544891	44,20837402	3760,602051
67,75733948	44,54178238	3766,713623
67,85929871	44,87889099	3772,833008
67,96110535	45,18656921	3778,942627
68,06289673	45,4756813	3785,05127
68,1648407	45,74401855	3791,163574
68,26667023	45,94390488	3797,273193
68,36865234	46,14663315	3803,39502
68,47055054	46,29940033	3809,508057
68,57245636	46,40658569	3815,622559
68,67441559	46,54013443	3821,73999
68,77622986	46,63939285	3827,849609
68,87811279	46,67859268	3833,962891
68,98004913	46,64759827	3840,075928
69,08192444	46,63169479	3846,191162
69,18395233	46,56086349	3852,311768
69,28598022	46,45123672	3858,435303
69,38785553	46,32770538	3864,547607
69,48980713	46,22644806	3870,664307
69,59160614	46,13493729	3876,77002
69,69352722	46,04505157	3882,886719
69,79553986	45,90330124	3889,010254
69,89750671	45,69233704	3895,125732
69,99939728	45,385952	3901,239502
70,10120392	45,00971603	3907,348633
70,20314026	44,57999802	3913,464844
70,30503082	44,09427261	3919,577637
70,40696716	43,58304596	3925,695313
70,50891113	43,0459404	3931,809814
70,61077118	42,51392746	3937,922852
70,71269989	42,00193405	3944,040283
70,81445313	41,45155716	3950,141602
70,91622925	40,88261032	3956,249756
71,01816559	40,30403137	3962,367188
71,12016296	39,69192886	3968,483643
71,22209167	39,08631516	3974,603027
71,32411194	38,48041534	3980,720215
71,42603302	37,88682938	3986,836182
71,5279541	37,30365753	3992,954102
71,62991333	36,7338562	3999,070557
71,73178101	36,07942581	4005,179688
71,83376312	35,4593811	4011,302246
71,93569183	34,8350029	4017,416748
72,03746033	34,24061966	4023,522949
72,13938904	33,63132095	4029,640137
72,24121857	33,09396362	4035,748291
72,34323883	32,60739899	4041,868408
72,44517517	32,11403656	4047,986084
72,5471344	31,55684471	4054,105225
72,64894867	31,00090218	4060,214111
72,75101471	30,46992874	4066,336914
72,8529129	29,94271278	4072,450684
72,95498657	29,44766617	4078,576416
73,05699921	28,99156761	4084,696289
73,15885162	28,54987526	4090,807617
73,26080322	28,21757698	4096,92334
73,36283112	27,80162048	4103,04834
73,46479797	27,38772011	4109,162598
73,56681824	26,96121788	4115,286621
73,66876984	26,47607803	4121,401367
73,77066803	26,05177116	4127,515625
73,8724823	25,65011597	4133,626953
73,97447968	25,2671814	4139,744141
74,07637787	24,92537308	4145,858398
74,17832947	24,59283447	4151,978027
74,28027344	24,27814293	4158,09375
74,38220978	23,98206711	4164,209961
74,48409271	23,69392967	4170,324219
74,58609009	23,4673214	4176,440918
74,68799591	23,2347908	4182,558594
74,78998566	22,99992943	4188,676758
74,89189148	22,74046326	4194,789551
74,99386597	22,52223206	4200,90918
75,09571838	22,31563759	4207,020508
75,1977005	22,12498283	4213,137695
75,29958344	21,95946884	4219,253906
75,40143585	21,78758049	4225,364258
75,50333405	21,62588692	4231,476563
75,60535431	21,45449638	4237,600098
75,70726013	21,28237724	4243,713379
75,80918121	21,13606834	4249,829102
75,91110229	21,01272392	4255,944336
76,01300812	20,83847618	4262,057617
76,11495209	20,72881317	4268,173828
76,21694946	20,60440826	4274,293945
76,31874847	20,48534584	4280,405273
76,42068481	20,33881187	4286,519043
76,52264404	20,23097992	4292,637695
76,62448883	20,12525749	4298,746094
76,72644043	20,01889229	4304,862793
76,82832336	19,92719269	4310,977051
76,93035126	19,83937836	4317,097656
77,03213501	19,76257324	4323,205566
77,13417053	19,66059685	4329,326172
77,23594666	19,57593536	4335,432129
77,33782196	19,498909	4341,546387
77,43972015	19,44381332	4347,658203
77,54157257	19,39723969	4353,77002
77,64344025	19,35701942	4359,883789
77,74526215	19,3040905	4365,993164
77,8470993	19,22316742	4372,103516
77,9490509	19,15817451	4378,218262
78,05104065	19,08737755	4384,339844
78,1530304	19,04786491	4390,458496
78,25495911	18,988554	4396,575684
78,35691071	18,92711258	4402,690918
78,45887756	18,87898827	4408,810059
78,56082916	18,82654572	4414,92627
78,66281128	18,76574326	4421,045898
78,76463318	18,72700882	4427,154297
78,86657715	18,70550919	4433,271484
78,96842957	18,67169189	4439,380859
79,07021332	18,63030243	4445,48877
79,17223358	18,60909462	4451,612305
79,27415466	18,59235573	4457,726074
79,37608337	18,56565857	4463,839355
79,47790527	18,53507423	4469,95166
79,57997894	18,49710274	4476,076172
79,68182373	18,47537422	4482,183594
79,78357697	18,44046211	4488,291504
79,88555908	18,41435432	4494,40918
79,98748779	18,38913918	4500,527344
80,0894165	18,36573219	4506,643555
80,19138336	18,34041595	4512,759766
80,29338074	18,30734062	4518,878906
80,39527893	18,28388596	4524,995605
80,49712372	18,28125954	4531,106445
80,59906769	18,25256538	4537,221191
80,70095062	18,20961761	4543,333008
80,80258179	18,19169044	4549,432129
80,90459442	18,18015671	4555,552246
81,00645447	18,17524338	4561,665527
81,10845184	18,15492249	4567,78418
81,21033478	18,14020348	4573,897949
81,31223297	18,10254478	4580,009277
81,41400909	18,05792999	4586,118164
81,51597595	18,03216362	4592,234863
81,6178894	18,02583122	4598,350586
81,719841	17,98781204	4604,468262
81,82165527	17,95489311	4610,574707
81,92353821	17,92029762	4616,691895
82,02542114	17,92980385	4622,802246
82,12727356	17,94860268	4628,914063
82,22922516	17,9674263	4635,03125
82,33108521	17,9788723	4641,14209
82,43294525	17,98693657	4647,255859
82,53488922	17,9856987	4653,373047
82,63677979	17,98163986	4659,486816
82,73870087	17,98009109	4665,600098
82,84059906	17,98565292	4671,71582
82,94258881	17,99159241	4677,836914
83,04445648	17,99536133	4683,944824
83,14631653	17,99928284	4690,058594
83,24819183	18,00268555	4696,174805
83,35009766	18,00484085	4702,289551
83,452034	18,00600052	4708,406738
83,55397034	18,00642967	4714,520996
83,65582275	18,00746155	4720,631348
83,75775909	18,0081234	4726,747559
83,85966492	18,00938797	4732,86377
83,96163177	18,01360893	4738,981934
84,06362915	18,01629829	4745,101074
84,16558838	18,01915359	4751,21875
84,2674408	18,02105904	4757,330078
84,36940765	18,0200386	4763,449219
84,47130585	18,01825333	4769,564453
84,57322693	18,01791382	4775,674805
84,67503357	18,018116	4781,786133
84,77700806	18,01982307	4787,903809
84,87882996	18,01888275	4794,015625
84,98079681	18,01839066	4800,131836
85,08269501	18,02263069	4806,246582
85,18458557	18,03748703	4812,362793
85,28649139	18,04983902	4818,476074
85,38832092	18,06099129	4824,584473
85,49025726	18,0644989	4830,699219
85,59213257	18,06988335	4836,812988
85,69406128	18,07709885	4842,928223
85,7958374	18,07506371	4849,035156
85,89778137	18,07606125	4855,15332
85,99966431	18,0752964	4861,263672
86,10161591	18,07264328	4867,378906
86,20350647	18,06908035	4873,493164
86,30551147	18,07217598	4879,614258
86,40745544	18,08189964	4885,730957
86,50926971	18,09134483	4891,839355
86,61116028	18,09683609	4897,953125
86,71300507	18,10469627	4904,065918
86,81497192	18,10557747	4910,181641
86,91692352	18,11090851	4916,29834
87,01885986	18,11501694	4922,415527
87,12071991	18,11787987	4928,524414
87,22250366	18,11027718	4934,633301
87,32443237	18,10589218	4940,748047
87,4263916	18,10923767	4946,868652
87,52831268	18,11792755	4952,981445
87,63020325	18,12197685	4959,095215
87,73216248	18,12123871	4965,213867
87,83411407	18,12543869	4971,328125
87,93595123	18,12580681	4977,44043
88,03809357	18,12910461	4983,567383
88,14004517	18,12584686	4989,6875
88,24191284	18,1215992	4995,79834
88,34380341	18,11185646	5001,910156
88,44569397	18,09709549	5008,023926
88,54761505	18,07928276	5014,138184
88,64966583	18,05448723	5020,260742
88,75156403	18,01774979	5026,378418
88,85350037	17,97671509	5032,491699
88,95539856	17,93380928	5038,606934
89,05734253	17,91239738	5044,723145
89,15916443	17,8945713	5050,833496
89,26109314	17,87806892	5056,948242
89,3629303	17,87129021	5063,058594
89,46486664	17,88077736	5069,175293
89,56674194	17,87952805	5075,286133
89,66875458	17,86398506	5081,406738
89,77072906	17,84534645	5087,527344
89,87267303	17,83280182	5093,643066
89,97460938	17,8133316	5099,763184
90,07648468	17,78732491	5105,872559
90,17847443	17,76339912	5111,991211
90,28036499	17,7606678	5118,102051
90,38227844	17,75446129	5124,220703
90,48427582	17,73790932	5130,339844
90,58609772	17,7162838	5136,448242
90,68793488	17,70433807	5142,556641
90,78981018	17,68936157	5148,671875
90,89162445	17,67122841	5154,778809
90,99359894	17,66612434	5160,899414
91,0954361	17,63714218	5167,009766
91,19733429	17,60501289	5173,121094
91,29921722	17,55609512	5179,234375
91,40119171	17,52227402	5185,355957
91,50306702	17,49372101	5191,468262
91,60488129	17,4473877	5197,575684
91,70678711	17,3734684	5203,6875
91,80867767	17,29706573	5209,803711
91,91053009	17,21416473	5215,913574
92,0124588	17,1314621	5222,03125
92,1142807	17,05369759	5228,140625
92,21620941	16,97197723	5234,254883
92,31809235	16,90792465	5240,367676
92,41994476	16,83516693	5246,478516
92,52190399	16,80077362	5252,599121
92,62376404	16,78570175	5258,708984
92,72560883	16,77812576	5264,819336
92,82751465	16,75022507	5270,934082
92,92931366	16,73239899	5277,043457
93,03134155	16,7287426	5283,162109
93,13320923	16,71816063	5289,276367
93,2350769	16,7022686	5295,387695
93,33694458	16,69289207	5301,5
93,43881989	16,67801094	5307,613281
93,54094696	16,65525246	5313,740234
93,64279938	16,63331413	5319,847656
93,7445755	16,63298035	5325,955566
93,84651947	16,62450981	5332,070801
93,94831085	16,61330795	5338,180664
94,05020142	16,60897636	5344,296387
94,15214539	16,61803055	5350,412598
94,2539978	16,61885452	5356,522949
94,3558197	16,61487389	5362,632324
94,4577179	16,60756302	5368,746582
94,5595932	16,59151268	5374,858398
94,66152191	16,57164955	5380,974609
94,76345062	16,56047249	5387,086914
94,86533356	16,55968475	5393,203125
94,9672699	16,55839729	5399,320801
95,0692749	16,54767609	5405,438965
95,17124939	16,51344299	5411,559082
95,27326965	16,49554443	5417,682129
95,37516785	16,47487259	5423,793457
95,47711945	16,45384598	5429,911133
95,57899475	16,45040512	5436,024902
95,68093872	16,46024513	5442,140137
95,78298187	16,46460342	5448,263184
95,88500214	16,46775818	5454,384277
95,98699951	16,46791077	5460,50293
96,0890274	16,47025108	5466,625488
96,19100952	16,47149467	5472,742188
96,29305267	16,46696281	5478,866699
96,39493561	16,4672699	5484,978027
96,49681854	16,46960068	5491,091797
96,59869385	16,47019577	5497,207031
96,70056915	16,46836281	5503,318848
96,80239868	16,46810913	5509,430664
96,90426636	16,46749687	5515,541016
97,00621796	16,46231079	5521,658203
97,10816956	16,45261383	5527,774414
97,21012115	16,4494648	5533,890137
97,31201935	16,44115829	5540,003906
97,41404724	16,42709923	5546,126465
97,51602173	16,4211731	5552,247559
97,61802673	16,4105854	5558,36377
97,72003937	16,393507	5564,488281
97,8219986	16,37513733	5570,603516
97,92389679	16,35190392	5576,716797
98,02573395	16,34962845	5582,830566
98,12760925	16,34997368	5588,939941
98,22954559	16,34944725	5595,057129
98,33151245	16,32689667	5601,175293
98,43345642	16,31879044	5607,291504
98,53543091	16,31502533	5613,412109
98,63733673	16,30686378	5619,526367
98,73918915	16,30879974	5625,637207
98,84114075	16,29902267	5631,755371
98,94303131	16,2686367	5637,866211
99,04491425	16,23646927	5643,98291
99,14689636	16,19281387	5650,098633
99,248909	16,14328384	5656,220215
99,350914	16,09592056	5662,339844
99,45285034	16,05884933	5668,456543
99,55484772	16,03055	5674,575195
99,65680695	16,00329208	5680,693359
99,75856018	15,96130371	5686,797363
99,86049652	15,9339838	5692,915039
99,9624176	15,921525	5699,030762
