scan 720/11/202208:56:57		
temp(C)	power	time(seconds)
5,11763525	376,9586182	6,117054939
5,221858978	375,5989685	12,22861481
5,323009968	304,0498657	18,339571
5,42386055	249,8318481	24,45674896
5,524721146	207,5048218	30,57919693
5,625473976	170,769516	36,69991684
5,726340771	138,1474152	42,82396317
5,826997757	109,8450699	48,93719482
5,927725315	85,87008667	55,0515213
6,028472424	66,14832306	61,16771698
6,129339695	50,25473785	67,28939056
6,230168819	37,68887711	73,40679932
6,330913544	27,9222374	79,51856232
6,431616306	20,4361515	85,62110901
6,532513142	14,76954269	91,73693085
6,633462906	10,55742359	97,85220337
6,734426498	7,457452774	103,9648209
6,835425377	5,166863918	110,0789871
6,936445236	3,56801343	116,1929855
7,037434101	2,478655338	122,302887
7,138611794	1,769647837	128,4202576
7,239770889	1,334399581	134,5355988
7,341015339	1,108895183	140,6550751
7,442210197	1,026548266	146,7676849
7,543406963	1,034166455	152,8817902
7,644672394	1,123643517	158,9958496
7,745904446	1,293212414	165,1083069
7,847139359	1,48669064	171,2186279
7,948477268	1,689987779	177,3308563
8,049797058	1,914830685	183,4433899
8,151027679	2,158819914	189,5508728
8,252410889	2,376953363	195,6646423
8,353898048	2,566926241	201,7848358
8,455310822	2,725473881	207,8964081
8,556742668	2,923269749	214,0095978
8,65824604	3,078065395	220,1257782
8,759790421	3,248511076	226,2433624
8,861288071	3,400800228	232,3566895
8,962937355	3,552777052	238,4799652
9,064476013	3,668952465	244,5957489
9,166025162	3,772672415	250,7098541
9,267603874	3,883671284	256,8248596
9,369155884	3,990719795	262,9364929
9,470727921	4,086801529	269,0502319
9,572354317	4,167224407	275,1676636
9,674095154	4,253471375	281,2892151
9,775821686	4,333995342	287,409729
9,877506256	4,404557228	293,5292969
9,979081154	4,461802959	299,6396484
10,08077812	4,502745628	305,7559509
10,18239307	4,536320686	311,8696289
10,2840271	4,562722683	317,9759521
10,38579559	4,591699123	324,0995789
10,48740959	4,629116535	330,2098999
10,58925915	4,677571297	336,3321228
10,69104099	4,726556301	342,4499207
10,79277802	4,782578468	348,5652466
10,89458656	4,849683762	354,6877136
10,996418	4,925572872	360,8065491
11,09806061	4,99202013	366,914917
11,19984341	5,054666519	373,0312195
11,3015995	5,130076885	379,1480408
11,40328693	5,203709126	385,2550049
11,5050087	5,267620087	391,3691406
11,60691261	5,319307327	397,4919128
11,70875645	5,379402161	403,6094055
11,81060696	5,442795277	409,7286072
11,9123745	5,500703812	415,8423157
12,01410866	5,555510998	421,9543457
12,11591816	5,627872467	428,0706787
12,21809292	5,67218399	434,2075806
12,31990147	5,713956833	440,3228149
12,42185497	5,763873577	446,4454346
12,52366066	5,806350231	452,5605164
12,62553692	5,842561722	458,6773682
12,72730827	5,88450861	464,787323
12,82913589	5,940572262	470,9040833
12,9309454	5,986151695	477,0163269
13,03267479	6,026503086	483,1253662
13,13448429	6,054024696	489,23703
13,23628521	6,075284958	495,3519897
13,33806801	6,102834702	501,463562
13,44000626	6,140173912	507,583313
13,54177856	6,175702572	513,6936646
13,64363194	6,213691711	519,8087158
13,74546146	6,238713264	525,9240723
13,8473978	6,26705122	532,039978
13,94926357	6,283667088	538,1569824
14,0509882	6,304032326	544,2629395
14,15284061	6,333966732	550,3770142
14,25457001	6,34976244	556,4854736
14,35646439	6,372542381	562,6035156
14,45842266	6,404011726	568,7221069
14,56029892	6,430782318	574,8372192
14,66233349	6,451281071	580,9622192
14,76421547	6,476468086	587,0785522
14,86611748	6,496333599	593,1943359
14,96786308	6,510993004	599,2994385
15,06967545	6,528815269	605,4089355
15,17163944	6,555671692	611,5332642
15,27358532	6,582181454	617,651001
15,3754797	6,602945328	623,7663574
15,47744942	6,610215664	629,8839722
15,57928085	6,628434181	635,9981689
15,68113708	6,648036957	642,1107788
15,78307247	6,659363747	648,2276001
15,88492966	6,662844181	654,3408203
15,98680782	6,67699194	660,4539185
16,08870125	6,698914528	666,5691528
16,19052315	6,710507393	672,6795044
16,29236794	6,716611862	678,7919922
16,39406204	6,722614288	684,8939209
16,49594116	6,725700378	691,0065918
16,59781837	6,727102757	697,1216431
16,69977188	6,726209641	703,2375488
16,80162239	6,731544495	709,3494263
16,90339851	6,736375332	715,4575806
17,00525284	6,734403133	721,5670776
17,10713196	6,73602581	727,6842041
17,20915413	6,735284328	733,8049316
17,31102943	6,733306885	739,916748
17,41288567	6,730190754	746,0306396
17,51492882	6,730984688	752,1533813
17,6168499	6,733859539	758,2672119
17,71875381	6,735536575	764,3828735
17,82068443	6,735472679	770,4973145
17,92261124	6,736048222	776,6168213
18,02441406	6,734905243	782,7265015
18,12649727	6,733958721	788,8513184
18,22844887	6,732584953	794,9660645
18,33037567	6,734014034	801,0855103
18,4323082	6,734760284	807,2010498
18,53419113	6,733596325	813,3113403
18,63609314	6,732060909	819,4284058
18,73797226	6,732949734	825,5401001
18,83987427	6,732869148	831,6575928
18,94184494	6,733285427	837,7733154
19,04384041	6,733624458	843,8935547
19,14574814	6,736485958	850,0100098
19,24767303	6,737854958	856,1265869
19,34965897	6,739739418	862,2424316
19,45141983	6,739213943	868,3500977
19,55322075	6,738191605	874,4590454
19,65509415	6,737021446	880,5706787
19,75696945	6,736068726	886,682373
19,85896873	6,736419678	892,8060303
19,96085739	6,738502502	898,9169312
20,06274986	6,74037981	905,0328369
20,16479492	6,742488384	911,1549072
20,266716	6,745958805	917,272583
20,3686142	6,749892235	923,3880615
20,47057343	6,752307892	929,5036621
20,57239532	6,755731106	935,6114502
20,67427254	6,76320219	941,727417
20,77620697	6,775566101	947,8425903
20,87814522	6,783479691	953,9584351
20,98005867	6,782348633	960,0734863
21,08197784	6,784019947	966,1908569
21,18382072	6,783231258	972,300293
21,28574944	6,788328171	978,4142456
21,3876133	6,810073853	984,5280151
21,48957062	6,832409382	990,6453857
21,59139061	6,850579262	996,7571411
21,69327354	6,857096195	1002,868835
21,7951088	6,860630989	1008,977905
21,89696693	6,862717152	1015,090149
21,99895859	6,870837688	1021,209167
22,10088539	6,882565498	1027,325317
22,20274544	6,90545702	1033,437012
22,30478477	6,937438965	1039,562012
22,40682983	6,960371494	1045,684814
22,50874329	6,969590664	1051,799194
22,61067009	6,972727299	1057,914551
22,71262932	6,976708889	1064,033203
22,81463814	6,996474743	1070,153687
22,91669273	7,014549732	1076,273071
23,01867485	7,046143532	1082,395996
23,12059975	7,06901598	1088,511475
23,22266197	7,083321095	1094,635986
23,3246479	7,092919827	1100,755005
23,42658806	7,107186317	1106,870605
23,52842331	7,131884098	1112,980225
23,63045311	7,164863586	1119,102539
23,73236084	7,195282459	1125,217407
23,83421707	7,233658314	1131,328369
23,93613434	7,263023853	1137,442871
24,03811455	7,281004429	1143,56311
24,14003372	7,302066803	1149,676025
24,24191666	7,328478336	1155,791382
24,3437252	7,338783264	1161,899536
24,44572067	7,357333183	1168,020264
24,54752541	7,384195805	1174,12854
24,64939499	7,419317722	1180,240845
24,75136757	7,438805103	1186,360962
24,85324097	7,448181629	1192,472778
24,95529938	7,457406044	1198,594116
25,05711365	7,486272335	1204,703613
25,15915298	7,509694576	1210,825195
25,26112366	7,535264969	1216,945923
25,36307526	7,561156273	1223,060547
25,46504593	7,586039066	1229,182495
25,56693077	7,604326725	1235,290283
25,6687355	7,625905037	1241,402954
25,77062988	7,656374931	1247,515015
25,87249374	7,690667152	1253,627197
25,97446823	7,728006363	1259,746338
26,07657814	7,764734268	1265,870239
26,17851067	7,80587244	1271,988159
26,28045273	7,839182377	1278,104614
26,38239098	7,868136883	1284,220947
26,48443794	7,874135017	1290,343506
26,58631325	7,875989437	1296,454102
26,68810272	7,898812771	1302,5625
26,7900219	7,92020607	1308,678955
26,89204216	7,962150574	1314,799072
26,99391937	7,996944904	1320,913208
27,09589195	8,030566216	1327,030273
27,1978302	8,055943489	1333,14978
27,29979515	8,075068474	1339,264771
27,40172195	8,104683876	1345,379639
27,50378227	8,145476341	1351,502686
27,60573196	8,176679611	1357,621704
27,70770073	8,210451126	1363,741211
27,80947876	8,229187012	1369,847046
27,91128731	8,249394417	1375,953979
28,0132103	8,298156738	1382,069702
28,11509895	8,33346653	1388,183472
28,21689987	8,347408295	1394,29187
28,31888008	8,348279953	1400,411621
28,42084694	8,360642433	1406,528442
28,52261162	8,379711151	1412,633911
28,62458801	8,401748657	1418,751953
28,7265873	8,421976089	1424,871704
28,82840919	8,457802773	1430,981323
28,93041992	8,491018295	1437,101563
29,03231049	8,514923096	1443,216064
29,13431168	8,543899536	1449,334717
29,23628044	8,578024864	1455,453857
29,33826637	8,608652115	1461,573608
29,44026756	8,627467155	1467,69397
29,54223251	8,635147095	1473,812622
29,64403534	8,650004387	1479,9198
29,745821	8,680374146	1486,023315
29,84772491	8,707326889	1492,140991
29,9497242	8,732187271	1498,258179
30,05161285	8,756950378	1504,374146
30,15346336	8,779901505	1510,483765
30,25535583	8,811110497	1516,598877
30,35729599	8,832445145	1522,717651
30,4592247	8,850104332	1528,830811
30,56116676	8,871792793	1534,948608
30,66317368	8,88612175	1541,066772
30,76504326	8,902130127	1547,179688
30,86699677	8,926801682	1553,2948
30,96889687	8,942890167	1559,410156
31,0709343	8,953212738	1565,532715
31,17283058	8,972980499	1571,645508
31,27468491	8,994290352	1577,758789
31,37664032	9,012554169	1583,877686
31,47848129	9,039620399	1589,984497
31,58047676	9,077223778	1596,103638
31,68241692	9,106575966	1602,223999
31,78438187	9,125919342	1608,340454
31,88622665	9,136909485	1614,447266
31,98811531	9,152989388	1620,563721
32,09009933	9,16622448	1626,682495
32,19207764	9,189964294	1632,801514
32,29390335	9,206483841	1638,912354
32,3959198	9,241853714	1645,032349
32,49788284	9,270781517	1651,152222
32,59986877	9,285424232	1657,269043
32,70177078	9,292459488	1663,38208
32,80366516	9,301602364	1669,496216
32,90551376	9,315795898	1675,609253
33,00746155	9,330522537	1681,723511
33,10948181	9,371994019	1687,846191
33,21156311	9,411893845	1693,97168
33,31340408	9,428818703	1700,082764
33,4153595	9,433707237	1706,197998
33,51732254	9,448688507	1712,317749
33,61930847	9,470232964	1718,431641
33,72108841	9,48631382	1724,54126
33,82301712	9,484635353	1730,655884
33,92497253	9,496545792	1736,775879
34,02688599	9,525417328	1742,887573
34,128685	9,54224205	1748,99707
34,23060608	9,561940193	1755,11377
34,33237839	9,59057045	1761,217773
34,43417358	9,623370171	1767,326782
34,53609085	9,660387039	1773,442017
34,63802338	9,680673599	1779,557373
34,73989105	9,692084312	1785,670166
34,84183121	9,707903862	1791,784058
34,94375992	9,712958336	1797,904175
35,04576492	9,71394062	1804,02356
35,14780426	9,721816063	1810,14624
35,24973679	9,741530418	1816,260254
35,35152054	9,763942719	1822,365601
35,45344162	9,791861534	1828,482666
35,55540848	9,819955826	1834,60144
35,65734482	9,828058243	1840,717285
35,75924301	9,856002808	1846,832153
35,86120605	9,882943153	1852,947144
35,96306229	9,912746429	1859,059326
36,06493759	9,933778763	1865,172607
36,16679001	9,942404747	1871,283081
36,26860809	9,977145195	1877,392944
36,37055969	10,00665379	1883,512573
36,47268677	10,03651237	1889,637451
36,57464981	10,04408073	1895,758057
36,67655945	10,04794216	1901,871582
36,77842331	10,06294632	1907,984863
36,88037109	10,08563042	1914,097412
36,9822464	10,10545158	1920,208374
37,08410645	10,14271355	1926,326172
37,18593597	10,16706467	1932,43335
37,28790283	10,17806149	1938,552002
37,3898735	10,2003336	1944,668701
37,49180603	10,23689842	1950,786499
37,59380341	10,27491283	1956,905396
37,69579697	10,30937767	1963,025146
37,79774094	10,34148121	1969,140991
37,89970779	10,36813068	1975,259644
38,00159836	10,37806988	1981,371582
38,10335922	10,38547707	1987,478394
38,2052803	10,40305233	1993,594116
38,30708313	10,42358017	1999,699829
38,4089241	10,44191647	2005,813354
38,5109024	10,45401382	2011,928467
38,61283493	10,4822464	2018,046265
38,71474838	10,511796	2024,161011
38,81675339	10,53121662	2030,282471
38,91857529	10,55161762	2036,389648
39,02057648	10,57419109	2042,510986
39,12240601	10,60540104	2048,623047
39,22436142	10,63013077	2054,73877
39,32625961	10,66888142	2060,852295
39,42817307	10,72311306	2066,966553
39,53002167	10,76281357	2073,076172
39,63185501	10,78864574	2079,186768
39,73373795	10,80473137	2085,299805
39,83565903	10,82756424	2091,415283
39,93760681	10,85168457	2097,532715
40,03969955	10,86426353	2103,656982
40,14152145	10,87767982	2109,765869
40,24335861	10,90174007	2115,876953
40,34535599	10,92364693	2121,995361
40,44729996	10,956954	2128,115967
40,54930878	10,98758602	2134,234375
40,65127945	11,00786495	2140,350098
40,75316238	11,02542591	2146,465332
40,85504913	11,04030609	2152,576904
40,95706177	11,07301903	2158,699463
41,0591011	11,11155891	2164,822021
41,16093826	11,14403439	2170,932373
41,26291275	11,17438889	2177,049072
41,36498642	11,20886326	2183,175293
41,46680069	11,23194599	2189,283447
41,56871033	11,25028706	2195,39624
41,67050171	11,2797575	2201,504639
41,77243423	11,32578182	2207,62207
41,8743782	11,34445286	2213,73584
41,97623825	11,36663437	2219,848389
42,07809067	11,38622856	2225,959229
42,18003082	11,40310574	2232,07666
42,2818222	11,4190321	2238,185303
42,38376617	11,42881107	2244,300049
42,48576736	11,44825077	2250,421875
42,58769226	11,47389126	2256,536621
42,68963242	11,50286579	2262,652588
42,79151154	11,53657627	2268,765381
42,89331436	11,56702709	2274,871338
42,99520493	11,60348606	2280,989014
43,09718704	11,62405586	2287,106689
43,1991539	11,63003922	2293,223145
43,30107117	11,6521101	2299,339355
43,40296555	11,69331074	2305,451904
43,50489807	11,72824764	2311,568115
43,60682678	11,76088047	2317,685791
43,70875168	11,80974865	2323,802734
43,81059265	11,84301472	2329,909424
43,91241074	11,87130737	2336,018066
44,01431274	11,89999485	2342,134521
44,11622238	11,94480991	2348,249512
44,21816635	11,99742317	2354,366455
44,32007599	12,02856922	2360,478271
44,42189407	12,05313015	2366,587646
44,5239563	12,08566856	2372,713623
44,62578201	12,11224937	2378,822998
44,72772598	12,13402939	2384,939697
44,82971191	12,16848755	2391,056641
44,93156052	12,20146179	2397,17041
45,03344345	12,2390995	2403,282227
45,13541794	12,26039505	2409,400879
45,23722839	12,29003906	2415,509033
45,33916473	12,31859779	2421,622803
45,44102478	12,34590149	2427,736816
45,54299545	12,3681469	2433,854004
45,64492416	12,41199875	2439,969238
45,74692535	12,44152927	2446,091064
45,84885788	12,46206665	2452,205078
45,95067215	12,48461056	2458,313965
46,05257797	12,52536011	2464,428711
46,15444565	12,55481148	2470,541748
46,25625229	12,58784294	2476,645752
46,35813522	12,61761951	2482,762939
46,46007919	12,66372967	2488,879639
46,5619545	12,71712399	2494,991211
46,66388321	12,75962734	2501,10791
46,76575089	12,79392147	2507,220703
46,86765671	12,831357	2513,335693
46,96952438	12,85441685	2519,446777
47,07148743	12,88766861	2525,564697
47,17346191	12,92822361	2531,682617
47,27534103	12,96360874	2537,794189
47,37728119	12,99214172	2543,911865
47,47922897	13,01036739	2550,028809
47,58113098	13,05490685	2556,141113
47,68311691	13,0973587	2562,26123
47,78507233	13,13829041	2568,376953
47,88702393	13,16204834	2574,496826
47,98894501	13,19773197	2580,611572
48,09092712	13,2417984	2586,731445
48,19285583	13,27266407	2592,847412
48,2948761	13,29502773	2598,969238
48,39679337	13,33524323	2605,084229
48,49877548	13,37306213	2611,199951
48,60070038	13,42025566	2617,318848
48,70265579	13,46303082	2623,433105
48,80454636	13,52144718	2629,547119
48,90645981	13,56042957	2635,664795
49,00850296	13,5915184	2641,786133
49,11045074	13,61186409	2647,901367
49,21232986	13,64667702	2654,014404
49,31417465	13,66874695	2660,124756
49,41612625	13,69445133	2666,241943
49,51805115	13,72817516	2672,359375
49,62002563	13,77681351	2678,473877
49,72182465	13,82315254	2684,583496
49,82364273	13,86176968	2690,690918
49,92554855	13,90402126	2696,806885
50,0275383	13,94147015	2702,92627
50,12947083	13,97488403	2709,042236
50,2314682	14,00171852	2715,163574
50,33329773	14,04445362	2721,270508
50,43519211	14,08780193	2727,382568
50,53717804	14,12659264	2733,505127
50,63922882	14,1562376	2739,626221
50,74108505	14,19106197	2745,737793
50,84297562	14,2394743	2751,85083
50,94494247	14,28353024	2757,968994
51,04680252	14,3174839	2764,078613
51,14845657	14,36270523	2770,179199
51,2503624	14,4144783	2776,296143
51,35214233	14,45394993	2782,401611
51,45407867	14,49522591	2788,518555
51,55615234	14,53933525	2794,642822
51,65806961	14,56775856	2800,758545
51,76000977	14,61044979	2806,873535
51,86188889	14,64900684	2812,988525
51,96373749	14,7062397	2819,099121
52,06569672	14,75857735	2825,219238
52,16788101	14,79379749	2831,346924
52,26979065	14,82500935	2837,462891
52,37177277	14,86353016	2843,580322
52,47380829	14,91736031	2849,70166
52,57588196	14,95766926	2855,827148
52,67763901	15,01433372	2861,932129
52,77958298	15,05535698	2868,047119
52,88139343	15,09661007	2874,157471
52,98334503	15,13834476	2880,273682
53,08531189	15,17652988	2886,39209
53,18715668	15,22163105	2892,504395
53,28922272	15,2663908	2898,628662
53,3911705	15,31165981	2904,740234
53,49308014	15,3764286	2910,857422
53,59497833	15,43587875	2916,974365
53,69695282	15,49680138	2923,092041
53,79888153	15,54449081	2929,207031
53,90083694	15,59640694	2935,323242
54,00268936	15,63520527	2941,435791
54,10475922	15,67052269	2947,55957
54,20668793	15,71456146	2953,677002
54,30867386	15,75846577	2959,795654
54,41069794	15,80294704	2965,916016
54,51267242	15,86888504	2972,032959
54,61451721	15,92195606	2978,143311
54,71639252	15,9829731	2984,256348
54,81838226	16,02684784	2990,378418
54,92037201	16,07401848	2996,496338
55,02230072	16,13335419	3002,613281
55,12418747	16,19909096	3008,724609
55,22597122	16,24691963	3014,833984
55,32775879	16,28880501	3020,939941
55,42966843	16,33458519	3027,053223
55,53141022	16,38176918	3033,159912
55,63321686	16,43044853	3039,26709
55,73522186	16,48319435	3045,387207
55,83716965	16,54978371	3051,503662
55,93907928	16,59933662	3057,619385
56,04087067	16,63917732	3063,728271
56,14287949	16,70676804	3069,847656
56,24480438	16,75920486	3075,962646
56,34674072	16,82759476	3082,077393
56,4487114	16,88267517	3088,197021
56,55056763	16,93482399	3094,307617
56,65240097	17,00124931	3100,418701
56,7543335	17,05818367	3106,534424
56,85628128	17,09985352	3112,650391
56,95806122	17,15485764	3118,757324
57,05999374	17,21668625	3124,872803
57,16190338	17,28283119	3130,987793
57,26385498	17,33082771	3137,10498
57,36586761	17,40215492	3143,225586
57,46762848	17,48391533	3149,331787
57,56951141	17,56128311	3155,445068
57,67134476	17,62121964	3161,55542
57,77325439	17,69088554	3167,667725
57,87511826	17,76307487	3173,783691
57,9769783	17,82385635	3179,892334
58,07886505	17,90476227	3186,006348
58,18073273	17,99041748	3192,11792
58,28274536	18,08250237	3198,239502
58,38456345	18,15739059	3204,345215
58,48646927	18,23688698	3210,46167
58,5883255	18,33480644	3216,57666
58,69015884	18,4156971	3222,681641
58,79195023	18,48886681	3228,792725
58,89385986	18,58630943	3234,906982
58,99581146	18,67827988	3241,023438
59,09779739	18,76375771	3247,143555
59,19973373	18,84194374	3253,256592
59,30174255	18,93214989	3259,380127
59,40367508	19,03051949	3265,492676
59,50559616	19,13398933	3271,609619
59,60737991	19,21964073	3277,715576
59,70929718	19,33346558	3283,830811
59,81116486	19,45056152	3289,946533
59,91295242	19,54997826	3296,052002
60,01495743	19,64113045	3302,171143
60,11675262	19,74909592	3308,282715
60,21869659	19,87093353	3314,398193
60,32062531	20,00250435	3320,510986
60,42258835	20,13412857	3326,62915
60,52441025	20,27032089	3332,738281
60,62633133	20,39477921	3338,855957
60,72816467	20,49423027	3344,96582
60,83003235	20,57949257	3351,074951
60,93170166	20,65718269	3357,173828
61,03360748	20,6853981	3363,29126
61,1356163	20,67190552	3369,4104
61,23743057	20,66235352	3375,519531
61,33940506	20,64058113	3381,639893
61,44122314	20,59025383	3387,74707
61,54309464	20,54780006	3393,862305
61,64506531	20,52732277	3399,977295
61,74698639	20,52749634	3406,09082
61,84893799	20,55600166	3412,211914
61,95093155	20,60851479	3418,329834
62,05282211	20,70014191	3424,445068
62,15463638	20,83406258	3430,551025
62,25649261	21,01741982	3436,665039
62,35842896	21,2111702	3442,778809
62,46035767	21,45447159	3448,895996
62,56236649	21,69803047	3455,016113
62,66431046	21,95360184	3461,132813
62,7662468	22,25059509	3467,247803
62,86809921	22,5809288	3473,361328
62,97003937	22,91411018	3479,474121
63,07198715	23,25598907	3485,594238
63,17390442	23,5933857	3491,707275
63,27580261	23,98179626	3497,82251
63,37784958	24,32086182	3503,945801
63,47980881	24,67829132	3510,062744
63,58166504	25,08329773	3516,17334
63,68346405	25,45061684	3522,282715
63,78540039	25,8290596	3528,399658
63,88738632	26,19096375	3534,51709
63,98928833	26,58149338	3540,629883
64,09120178	26,97302818	3546,745361
64,1931076	27,38602257	3552,858887
64,29504395	27,81338501	3558,979492
64,39701843	28,27323723	3565,094727
64,49886322	28,68574142	3571,20459
64,60079193	29,11583138	3577,321045
64,70269012	29,56169701	3583,433838
64,80449677	30,01301956	3589,543457
64,90649414	30,49711227	3595,661865
65,00830841	30,94885445	3601,771484
65,1102066	31,45394135	3607,884766
65,21196747	31,95503426	3613,98999
65,31388855	32,41484833	3620,107422
65,41567993	32,88752365	3626,211426
65,51748657	33,37408066	3632,321777
65,61936951	33,8691864	3638,436768
65,72128296	34,38486481	3644,553223
65,82328033	34,88899994	3650,670898
65,9252243	35,41861725	3656,790039
66,02731323	35,9632988	3662,914551
66,12915802	36,4737854	3669,022949
66,23097229	36,96974564	3675,131348
66,33291626	37,45013809	3681,25
66,43480682	37,9694519	3687,363281
66,53668213	38,47622299	3693,476318
66,63861847	38,98616791	3699,590332
66,74049377	39,49655151	3705,704834
66,84230804	39,97772217	3711,814453
66,94432831	40,45513153	3717,935303
67,04639435	40,91275024	3724,059082
67,14839172	41,38565445	3730,177979
67,25019836	41,83768845	3736,286865
67,35214233	42,26099777	3742,404053
67,45413971	42,6996994	3748,52417
67,55606842	43,08123398	3754,636475
67,65805817	43,47079086	3760,76001
67,75996399	43,79714584	3766,873779
67,8618927	44,10237885	3772,990234
67,96376038	44,38568497	3779,101807
68,06565857	44,63579178	3785,216553
68,16751099	44,87397003	3791,326904
68,26935577	45,08003235	3797,437256
68,37136841	45,29184723	3803,557617
68,47329712	45,44421768	3809,673828
68,57518005	45,57420349	3815,784668
68,67711639	45,6866684	3821,902344
68,77905273	45,75783539	3828,019531
68,881073	45,75818634	3834,141357
68,98284149	45,74325562	3840,246338
69,08467102	45,74650574	3846,355713
69,18651581	45,74542999	3852,465088
69,28843689	45,6756897	3858,581543
69,39042664	45,56612778	3864,69873
69,49217987	45,45367813	3870,806396
69,59410095	45,35123444	3876,920654
69,69599915	45,25103378	3883,034668
69,797966	45,09072876	3889,152588
69,89985657	44,87099838	3895,264893
70,0017395	44,58816147	3901,379883
70,10366821	44,22830582	3907,494873
70,20566559	43,81288147	3913,619141
70,30758667	43,36472321	3919,732422
70,40961456	42,86031342	3925,853027
70,51153564	42,31879807	3931,964844
70,61334229	41,79452133	3938,076416
70,7153244	41,24092102	3944,193848
70,81731415	40,67368317	3950,31665
70,91921997	40,08667374	3956,428467
71,02119446	39,5044899	3962,547607
71,12319183	38,9325943	3968,666992
71,22507477	38,34406662	3974,780762
71,32704163	37,72922134	3980,898193
71,42896271	37,1487999	3987,013428
71,53083038	36,55548477	3993,125732
71,63278961	35,96649551	3999,241943
71,73473358	35,35667419	4005,358154
71,8367691	34,77846146	4011,481201
71,93870544	34,1950798	4017,599121
72,04060364	33,63747406	4023,709473
72,14251709	33,05379105	4029,826172
72,24432373	32,54677963	4035,935303
72,34621429	32,03372955	4042,049316
72,44828033	31,5116024	4048,174561
72,55015564	30,96007347	4054,286133
72,65207672	30,46936226	4060,398926
72,75396729	29,98303413	4066,512451
72,85596466	29,48536491	4072,632324
72,95779419	29,09475327	4078,743408
73,05976105	28,75482178	4084,861084
73,16149139	28,36604309	4090,969971
73,26351929	27,90869331	4097,086914
73,36542511	27,46920776	4103,200684
73,46738434	27,05668831	4109,318848
73,56938934	26,65700912	4115,437012
73,6712265	26,28792191	4121,548828
73,77325439	25,95946121	4127,672363
73,87525177	25,71647453	4133,791992
73,97718048	25,47211075	4139,90625
74,0791626	25,12555695	4146,023926
74,18099213	24,87428284	4152,132324
74,28294373	24,54437637	4158,252441
74,38491058	24,1927681	4164,370117
74,48688507	23,87591171	4170,486328
74,58876038	23,62824821	4176,602051
74,69056702	23,40097237	4182,708984
74,79246521	23,16043282	4188,821289
74,89437866	22,96491623	4194,939941
74,99633789	22,76691628	4201,057129
75,09829712	22,58052826	4207,171875
75,20011902	22,39047241	4213,279785
75,30206299	22,19610596	4219,400391
75,40394592	22,0296669	4225,512207
75,50584412	21,84872818	4231,625977
75,6077652	21,68489838	4237,740234
75,70975494	21,53725243	4243,862305
75,81163788	21,37236595	4249,973633
75,91358185	21,22366524	4256,088867
76,01556396	21,08050156	4262,209961
76,1174469	20,96813774	4268,319824
76,21944427	20,86003685	4274,443848
76,32142639	20,75568771	4280,562012
76,42342377	20,63909912	4286,681152
76,52539063	20,52589417	4292,798828
76,62728119	20,38454437	4298,912598
76,7292099	20,25716019	4305,027832
76,83119202	20,1305027	4311,148438
76,9331131	20,06173325	4317,263672
77,03514099	19,9929142	4323,384766
77,13710785	19,91835022	4329,50293
77,23908997	19,83258247	4335,622559
77,34092712	19,75006485	4341,732422
77,44277191	19,69153404	4347,845215
77,54470825	19,61515617	4353,958984
77,64671326	19,55998802	4360,082031
77,74865723	19,50327301	4366,196289
77,85054779	19,43554688	4372,308105
77,95250702	19,37830734	4378,426758
78,0544281	19,34894562	4384,541016
78,15632629	19,29436493	4390,655273
78,25819397	19,22819519	4396,768066
78,36005402	19,17414474	4402,878906
78,4620285	19,1319809	4408,997559
78,56385803	19,08765793	4415,10791
78,66583252	19,01995087	4421,227051
78,76784515	18,93046188	4427,347656
78,86975861	18,87444878	4433,461914
78,97159576	18,84417534	4439,57373
79,07356262	18,7957859	4445,690918
79,17541504	18,75131798	4451,80127
79,27753448	18,71554756	4457,930176
79,37949371	18,69600677	4464,046387
79,48130035	18,66414642	4470,153809
79,58315277	18,62737465	4476,266602
79,68507385	18,59285355	4482,381348
79,78696442	18,55706978	4488,493652
79,88895416	18,53624535	4494,615234
79,99100494	18,50863075	4500,737793
80,09290314	18,4798336	4506,849121
80,19483948	18,46541214	4512,966309
80,2967453	18,44036293	4519,083496
80,39867401	18,41235352	4525,196777
80,50059509	18,39652061	4531,311035
80,60251617	18,39279938	4537,42334
80,70442963	18,38346481	4543,539551
80,80636597	18,37368584	4549,658203
80,90833282	18,36037445	4555,777344
81,01011658	18,34216309	4561,879883
81,11209869	18,31590843	4568,003418
81,21409607	18,30446815	4574,12207
81,31580353	18,29077911	4580,225586
81,4178009	18,27052689	4586,345703
81,51972961	18,2531414	4592,459473
81,62166595	18,24190521	4598,577148
81,7234726	18,24423218	4604,683594
81,82543945	18,23933601	4610,803711
81,9274292	18,23667908	4616,925293
82,02940369	18,22851563	4623,043945
82,13140106	18,21773338	4629,15918
82,23339081	18,1759491	4635,279785
82,33535004	18,15423012	4641,395996
82,43730927	18,13695145	4647,516113
82,53930664	18,10324478	4653,634766
82,64128113	18,07016754	4659,753418
82,74319458	18,046978	4665,869141
82,84507751	18,05999947	4671,982422
82,94699097	18,0670433	4678,098145
83,04886627	18,0677681	4684,210449
83,15083313	18,07782745	4690,327148
83,25257874	18,08685303	4696,434082
83,35445404	18,08823967	4702,546387
83,45637512	18,08935356	4708,662598
83,55822754	18,09341049	4714,774902
83,66005707	18,09373665	4720,884766
83,76184082	18,09482193	4726,989746
83,86377716	18,09248924	4733,106934
83,96569824	18,09676361	4739,223145
84,06767273	18,10248566	4745,342773
84,16973114	18,10975456	4751,465332
84,27172089	18,11523438	4757,586914
84,3736496	18,11696815	4763,70166
84,47559357	18,11620712	4769,817871
84,57746887	18,11643982	4775,929199
84,67937469	18,12062454	4782,04541
84,78127289	18,13173866	4788,159668
84,88312531	18,14666176	4794,270996
84,98497772	18,15493774	4800,381836
85,08693695	18,16488457	4806,5
85,18896484	18,16201401	4812,624023
85,29096222	18,15720177	4818,744141
85,39286041	18,15283012	4824,854492
85,49478149	18,15006828	4830,970215
85,59671021	18,14660072	4837,087402
85,69863892	18,1456089	4843,201172
85,80054474	18,14999771	4849,314941
85,90251923	18,17299271	4855,436523
86,0045166	18,19479179	4861,555176
86,10640717	18,21311188	4867,667969
86,20832825	18,2166214	4873,78418
86,31027222	18,21869278	4879,898926
86,41215515	18,22867775	4886,012695
86,51408386	18,22582054	4892,129883
86,61604309	18,22495461	4898,247559
86,71807098	18,22440338	4904,368164
86,81993866	18,22094727	4910,478516
86,92178345	18,22114944	4916,591309
87,02352142	18,23305321	4922,695801
87,12549591	18,25623703	4928,813477
87,22729492	18,27222443	4934,921875
87,32920074	18,27813339	4941,037109
87,43103027	18,28533745	4947,145508
87,53295135	18,28371811	4953,259277
87,63473511	18,28077507	4959,367676
87,73659515	18,27598953	4965,479492
87,83853149	18,27601814	4971,594727
87,94058228	18,27450371	4977,717285
88,04246521	18,27248764	4983,830078
88,14432526	18,2706089	4989,943359
88,24620056	18,27207565	4996,054199
88,34806061	18,27340126	5002,162598
88,45001221	18,27454948	5008,282227
88,55179596	18,2763195	5014,38916
88,65378571	18,27821922	5020,507813
88,75575256	18,27720833	5026,630371
88,85767365	18,27488327	5032,743652
88,95970154	18,27238274	5038,865234
89,06165314	18,27083969	5044,980957
89,16357422	18,2712574	5051,099121
89,26555634	18,26998329	5057,216797
89,36737823	18,26747704	5063,325195
89,46929169	18,26744652	5069,438477
89,57120514	18,26867867	5075,556152
89,67308807	18,2677021	5081,667969
89,77497864	18,26561165	5087,782715
89,87701416	18,26396751	5093,904297
89,97888184	18,25888443	5100,01709
90,08078766	18,25081635	5106,129883
90,18281555	18,23647308	5112,253418
90,28469849	18,22925949	5118,365234
90,38660431	18,22137833	5124,480469
90,48863983	18,21232224	5130,601074
90,59051514	18,20591927	5136,712891
90,69241333	18,19525719	5142,828613
90,79437256	18,18746758	5148,944824
90,89628601	18,18210411	5155,061523
90,99816132	18,1852932	5161,171387
91,10001373	18,18637276	5167,283203
91,20195007	18,18475914	5173,399902
91,30390167	18,185112	5179,51709
91,40581512	18,18649292	5185,632813
91,50779724	18,18249512	5191,75
91,60969543	18,175951	5197,861816
91,71157837	18,17118454	5203,977539
91,81340027	18,16206169	5210,084473
91,91539001	18,15371513	5216,205566
92,01732635	18,13780785	5222,320313
92,11925507	18,12364388	5228,436523
92,22106171	18,11526489	5234,546875
92,32296753	18,09954453	5240,661133
92,42483521	18,0848465	5246,772461
92,52680206	18,08080101	5252,891602
92,628685	18,07967186	5259,003906
92,73057556	18,0645771	5265,118652
92,83242035	18,05105019	5271,229492
92,93428802	18,04449844	5277,338867
93,0362854	18,03813744	5283,459473
93,13822174	18,02947044	5289,575684
93,23999023	18,02431488	5295,680664
93,3420105	18,01591873	5301,804688
93,44376373	18,01067734	5307,907227
93,54572296	17,99676323	5314,025879
93,64764404	17,98647881	5320,14209
93,74958801	17,9691391	5326,258789
93,85146332	17,94915771	5332,370605
93,95346069	17,92860222	5338,490234
94,05537415	17,91784286	5344,605469
94,15724182	17,91955948	5350,71875
94,25926208	17,92542267	5356,839355
94,36126709	17,9178791	5362,960938
94,46320343	17,90381432	5369,077148
94,56513977	17,88444901	5375,194336
94,66687775	17,86087608	5381,293945
94,7688446	17,82782936	5387,416016
94,87081146	17,80376625	5393,53125
94,97264862	17,79553032	5399,643555
95,07463074	17,79384613	5405,762695
95,1764679	17,77140045	5411,872559
95,27844238	17,74485016	5417,991699
95,38049316	17,70306587	5424,112305
95,48251343	17,65994644	5430,23584
95,58441925	17,63792229	5436,349121
95,68630219	17,63376045	5442,462891
95,78825378	17,61991501	5448,581055
95,8901062	17,60264969	5454,6875
95,99195862	17,5808506	5460,802734
96,09391785	17,56318092	5466,918457
96,195961	17,55360031	5473,044434
96,29788971	17,54845428	5479,157227
96,39987946	17,5418644	5485,276855
96,50175476	17,53770256	5491,388184
96,60371399	17,53696823	5497,505371
96,70561218	17,53197861	5503,621094
96,80741119	17,52721596	5509,729004
96,90934753	17,52679443	5515,842773
97,0112381	17,52491379	5521,95752
97,11302948	17,52158546	5528,062988
97,21498871	17,52064133	5534,185059
97,31686401	17,51163483	5540,297363
97,41880798	17,49929619	5546,413574
97,52065277	17,48527527	5552,520996
97,62252808	17,46479034	5558,638184
97,72437286	17,44544983	5564,746582
97,82627106	17,44011688	5570,860352
97,92818451	17,42868805	5576,975586
98,03012085	17,41849327	5583,089844
98,13198853	17,40867233	5589,204102
98,23395538	17,3941555	5595,322754
98,3358078	17,36945915	5601,432617
98,43774414	17,34574318	5607,549316
98,53954315	17,32703209	5613,657227
98,64154816	17,32069588	5619,777832
98,74344635	17,32204628	5625,889648
98,84532928	17,32717133	5632,003418
98,94722748	17,33582306	5638,121094
99,04906464	17,34075546	5644,226074
99,15092468	17,33829308	5650,339844
99,25289154	17,3382988	5656,456055
99,35486603	17,31416321	5662,579102
99,45679474	17,27435112	5668,690918
99,55870819	17,24938583	5674,806641
99,66059113	17,2192421	5680,919434
99,76261139	17,1751442	5687,041992
99,86469269	17,12890816	5693,167969
99,96664429	17,10072899	5699,28418
