scan 1120/11/202208:13:50		
temp(°=C)	power	time(seconds)
5,136051178	394,8512573	7,133423328
5,23896265	363,3721008	13,24974251
5,339986324	293,2640686	19,36005211
5,440786362	240,531601	25,4772377
5,541540623	198,2467041	31,59468842
5,642194271	161,2036591	37,70497513
5,74278307	128,536972	43,81600189
5,843571663	100,2918243	49,93501663
5,944194794	76,62042999	56,0471077
6,044959545	57,23257828	62,16218185
6,145736217	41,65507126	68,27661896
6,24654007	29,44968987	74,39408875
6,347433567	19,94823647	80,51202393
6,448232651	12,67566204	86,62498474
6,549164772	7,182827473	92,7434845
6,650114536	3,111747503	98,85818481
6,751167774	0,106532201	104,9768982
6,852280617	-2,04913187	111,0984344
6,953304768	-3,570641756	117,2112732
7,054320335	-4,603039265	123,3219376
7,155392647	-5,292092323	129,4363251
7,256669521	-5,723572254	135,5573273
7,357965469	-5,903627872	141,6776581
7,459218979	-5,944083214	147,7963867
7,560445309	-5,922734261	153,91008
7,661741257	-5,842305183	160,0260162
7,763025284	-5,693035126	166,1425934
7,864391804	-5,508931637	172,2583313
7,965664387	-5,312567234	178,367981
8,067079544	-5,085999966	184,49086
8,168455124	-4,871548653	190,6038513
8,269841194	-4,651687145	196,7183075
8,371367455	-4,463382721	202,8385773
8,472806931	-4,304134846	208,9515533
8,574238777	-4,119038582	215,0643921
8,675723076	-3,965327501	221,1819916
8,777340889	-3,804025173	227,3034058
8,878739357	-3,683877468	233,4103699
8,980283737	-3,553052664	239,530304
9,081910133	-3,431568146	245,6481628
9,18356514	-3,322719574	251,7683105
9,285128593	-3,227896929	257,8836365
9,386836052	-3,11858964	264,0061646
9,488336563	-3,03972578	270,1151733
9,589884758	-2,962660551	276,2261047
9,69155407	-2,886857986	282,3440247
9,793241501	-2,819711208	288,4620361
9,894995689	-2,758288622	294,5865479
9,996691704	-2,704034567	300,7018127
10,09840584	-2,661610365	306,8184204
10,20008659	-2,626154423	312,9346313
10,30174446	-2,59452033	319,0462646
10,40351105	-2,570907593	325,1691589
10,50528049	-2,550023794	331,2872314
10,60699463	-2,524444103	337,4024963
10,70880985	-2,496433735	343,5224609
10,81055355	-2,466177464	349,641449
10,91222286	-2,432467937	355,75177
11,0141201	-2,389520645	361,8744202
11,11577415	-2,355974436	367,9828491
11,21750164	-2,300812721	374,0968628
11,31925488	-2,231753588	380,2112427
11,42107487	-2,172430038	386,3334351
11,5227766	-2,129067898	392,4412231
11,62462234	-2,088041067	398,5609741
11,72635746	-2,038667917	404,6714783
11,82819939	-1,991047263	410,7928467
11,93005466	-1,952484965	416,9050903
12,03163719	-1,909963369	423,012207
12,13346958	-1,861816287	429,1305542
12,2353878	-1,826647997	435,2506409
12,33722496	-1,797797084	441,3673401
12,43905163	-1,762659073	447,4825134
12,5409193	-1,728234053	453,6016846
12,64272976	-1,700712562	459,7166443
12,74458504	-1,672441125	465,8322754
12,84651184	-1,647334933	471,956543
12,94832897	-1,6243608	478,0682373
13,05024815	-1,600175858	484,1879272
13,15196609	-1,582550645	490,2949524
13,25379181	-1,56539619	496,4067688
13,35560703	-1,544678211	502,5219116
13,45735836	-1,519800067	508,6307373
13,55917072	-1,496965289	514,743042
13,66099739	-1,469563961	520,8562622
13,76282215	-1,454871655	526,9707031
13,86477947	-1,443119526	533,0910034
13,96660137	-1,434559584	539,2039185
14,06855106	-1,423623562	545,3247681
14,17030716	-1,413436651	551,4331055
14,27215862	-1,408044577	557,5475464
14,37388325	-1,402113676	563,6519165
14,47575569	-1,3909266	569,7687988
14,57771778	-1,381636739	575,8884888
14,67961407	-1,37036705	582,0047607
14,78137684	-1,357383251	588,1130371
14,88324547	-1,343875289	594,2288818
14,98511791	-1,336396098	600,3394165
15,08702087	-1,337153912	606,4572144
15,18891335	-1,331486583	612,5790405
15,2908268	-1,322742939	618,6901855
15,3927393	-1,31652379	624,8069458
15,49461365	-1,314792871	630,9209595
15,59659767	-1,311408997	637,0429077
15,69846535	-1,30982542	643,1557617
15,80035591	-1,305542588	649,270813
15,90242195	-1,298694134	655,399231
16,00429153	-1,290579438	661,5085449
16,10622215	-1,287393332	667,6282959
16,20812416	-1,283571362	673,7428589
16,30995941	-1,282193065	679,852356
16,41182899	-1,280172944	685,9685669
16,51375771	-1,276141644	692,0841064
16,6157856	-1,272747755	698,2077637
16,71758461	-1,267831802	704,3181152
16,81949806	-1,262813807	710,4318237
16,92148399	-1,260519385	716,555481
17,02347183	-1,26017046	722,6730957
17,12528992	-1,260197043	728,7797852
17,2271862	-1,258954167	734,8963623
17,32909966	-1,257473946	741,0126953
17,431036	-1,25973773	747,1296997
17,53299332	-1,260956049	753,2492065
17,63489914	-1,261910677	759,3608398
17,73675919	-1,264832377	765,4711914
17,83862114	-1,267484188	771,5863037
17,94062424	-1,268610597	777,7064209
18,04255867	-1,269172072	783,8231201
18,14450836	-1,270514846	789,9404297
18,24639511	-1,274851918	796,052002
18,34838104	-1,28076303	802,1724243
18,45036125	-1,286903739	808,289978
18,55224419	-1,300979018	814,4046021
18,65433121	-1,308406353	820,5272827
18,75629425	-1,314968944	826,6477661
18,85821533	-1,330574274	832,7631226
18,96020317	-1,345032573	838,8827515
19,06207466	-1,359255552	844,9943237
19,16387367	-1,369754195	851,1027222
19,26581764	-1,383735776	857,2197266
19,36769867	-1,39835906	863,3322144
19,46972084	-1,411768556	869,4556885
19,5716095	-1,421166062	875,5667114
19,67353249	-1,43578589	881,6831665
19,77539063	-1,455446243	887,7946777
19,87730789	-1,471801519	893,9108887
19,97922134	-1,4869591	900,0255737
20,08104706	-1,499968052	906,1329346
20,18296814	-1,509875536	912,2492676
20,28483963	-1,522590399	918,3633423
20,3867836	-1,545294404	924,4812622
20,48879623	-1,563027024	930,6030273
20,59082794	-1,57395041	936,7225342
20,6927433	-1,586166143	942,8393555
20,79456711	-1,591880441	948,949646
20,8965416	-1,604031205	955,0652466
20,99847412	-1,621021509	961,1827393
21,10029984	-1,629530072	967,2944946
21,20224571	-1,631517529	973,4111938
21,30414009	-1,63372612	979,5231934
21,40590858	-1,639171124	985,6311035
21,50779915	-1,640987873	991,7446899
21,60984039	-1,646782041	997,8657227
21,71166801	-1,655025721	1003,974365
21,81351471	-1,6569525	1010,088135
21,91547775	-1,655935764	1016,205627
22,01740456	-1,659781814	1022,323547
22,11939812	-1,672380447	1028,440918
22,22118378	-1,673273563	1034,549438
22,32309914	-1,670388579	1040,664917
22,42512512	-1,670644999	1046,783813
22,52704239	-1,676482081	1052,9021
22,62893677	-1,684637308	1059,015625
22,7308197	-1,687458158	1065,128784
22,83272934	-1,690292597	1071,243774
22,93464279	-1,688145161	1077,359375
23,0365715	-1,684659123	1083,472534
23,1384182	-1,68508327	1089,585449
23,24030113	-1,690102816	1095,697266
23,34217262	-1,691100359	1101,811279
23,44407082	-1,690937996	1107,925537
23,54600906	-1,6902107	1114,040161
23,64788246	-1,69439292	1120,152832
23,74978065	-1,695986032	1126,269165
23,85161018	-1,694424629	1132,377441
23,95342827	-1,691694379	1138,48584
24,05542755	-1,689969182	1144,606079
24,15724564	-1,68777895	1150,716675
24,25922394	-1,686614513	1156,836792
24,36103821	-1,685599446	1162,943604
24,46293068	-1,684684515	1169,057373
24,56495094	-1,683458805	1175,180176
24,66687584	-1,681987166	1181,294556
24,76874924	-1,681176066	1187,406372
24,87071228	-1,68086195	1193,524048
24,97270393	-1,67825985	1199,644287
25,07473564	-1,672919631	1205,766602
25,1766758	-1,667991638	1211,882202
25,27853012	-1,658385158	1217,993896
25,38038063	-1,651710391	1224,105591
25,48231125	-1,647914886	1230,222534
25,58423233	-1,64874208	1236,333984
25,68601036	-1,650078654	1242,442993
25,78796005	-1,646103859	1248,561279
25,89002419	-1,640887737	1254,685547
25,99188614	-1,637418509	1260,794312
26,09375381	-1,631081462	1266,908447
26,19568443	-1,6293962	1273,023682
26,29773903	-1,633608937	1279,14624
26,399683	-1,634201646	1285,262451
26,50160217	-1,627223015	1291,378296
26,60350609	-1,607282162	1297,494141
26,70542336	-1,589975595	1303,608765
26,80740738	-1,580579162	1309,726807
26,90934753	-1,566248655	1315,844727
27,01115227	-1,554559827	1321,953613
27,11298752	-1,547031999	1328,063232
27,21481705	-1,545255899	1334,171509
27,31666374	-1,534997225	1340,284058
27,41857338	-1,517239213	1346,396973
27,5205574	-1,510743618	1352,516602
27,62248039	-1,505879402	1358,631592
27,72451401	-1,500308037	1364,754395
27,8264122	-1,493329406	1370,868164
27,92831612	-1,483874202	1376,979736
28,03022957	-1,471140265	1383,099365
28,13215446	-1,455634832	1389,213745
28,23404884	-1,450687647	1395,325317
28,335989	-1,444733858	1401,441895
28,43793488	-1,428124309	1407,560669
28,53995514	-1,413152814	1413,682129
28,6419754	-1,405919552	1419,802124
28,74391556	-1,391634583	1425,918823
28,84572029	-1,378606796	1432,027954
28,94760513	-1,35940516	1438,14209
29,04954338	-1,35676837	1444,255737
29,15149689	-1,350812554	1450,371948
29,25346184	-1,33955884	1456,490356
29,35534096	-1,332233548	1462,602051
29,45724678	-1,320468068	1468,719116
29,55920792	-1,307781458	1474,83667
29,66122437	-1,292750359	1480,958374
29,76304054	-1,273413897	1487,067383
29,86498642	-1,260999084	1493,182861
29,96683502	-1,255507469	1499,293213
30,06869507	-1,248717904	1505,404785
30,17060852	-1,242272973	1511,519775
30,27243042	-1,23635757	1517,626587
30,37434769	-1,224753618	1523,741943
30,47618103	-1,209925652	1529,85498
30,57816505	-1,198612452	1535,971069
30,68007851	-1,187550664	1542,087402
30,78176308	-1,172325492	1548,189087
30,88369942	-1,165091634	1554,30481
30,98569107	-1,15960896	1560,424316
31,08758736	-1,1510216	1566,536621
31,18939781	-1,148444176	1572,64563
31,29137802	-1,139324903	1578,767212
31,39340782	-1,126271129	1584,887573
31,49538612	-1,119502902	1591,005005
31,59718895	-1,109395742	1597,113403
31,69911385	-1,098512053	1603,229736
31,80101967	-1,091118217	1609,344238
31,90288544	-1,079953671	1615,453857
32,00484467	-1,067619801	1621,571289
32,10671616	-1,067108989	1627,685669
32,20862579	-1,061779261	1633,799683
32,31048965	-1,049836755	1639,9104
32,41240311	-1,034533739	1646,026611
32,51433563	-1,024373889	1652,142212
32,61631775	-1,023493052	1658,262451
32,71819687	-1,02129674	1664,375244
32,82009125	-1,016794205	1670,487793
32,9221077	-1,011544108	1676,612183
33,0240593	-1,005675554	1682,728149
33,12595749	-0,987118781	1688,839111
33,22788239	-0,962891817	1694,954468
33,32980347	-0,942504823	1701,071289
33,43177795	-0,934087873	1707,188843
33,53381348	-0,927429199	1713,308594
33,6356926	-0,91907227	1719,423096
33,73761749	-0,915416002	1725,539795
33,83950806	-0,908719897	1731,652954
33,94131088	-0,897551835	1737,759766
34,04325104	-0,891678393	1743,877563
34,14515686	-0,887646675	1749,991577
34,24708176	-0,884184837	1756,108032
34,34894562	-0,875889301	1762,219727
34,45093536	-0,878015697	1768,338867
34,552948	-0,875255942	1774,458374
34,6549263	-0,867830276	1780,57666
34,75695038	-0,850531578	1786,700806
34,85893631	-0,835219204	1792,819214
34,96086121	-0,817397714	1798,933594
35,0629158	-0,816628039	1805,057739
35,16488266	-0,821139336	1811,174927
35,26679993	-0,825089872	1817,28894
35,36868286	-0,82670933	1823,404053
35,47064209	-0,824708998	1829,520874
35,57252884	-0,820269704	1835,63269
35,67443848	-0,816534519	1841,748901
35,77638245	-0,815092802	1847,864746
35,87827301	-0,808865488	1853,977783
35,98022079	-0,802267909	1860,095215
36,08213806	-0,801746786	1866,210938
36,184021	-0,797370672	1872,322632
36,28604889	-0,791172266	1878,443359
36,38790894	-0,776346266	1884,554688
36,48974609	-0,76702553	1890,666382
36,59156799	-0,761282027	1896,776001
36,69338608	-0,748628497	1902,885376
36,79532242	-0,737286329	1909,001831
36,8973465	-0,731350124	1915,12207
36,99919891	-0,711185515	1921,234985
37,10106277	-0,677477419	1927,346802
37,20293427	-0,649948835	1933,460815
37,30478668	-0,644887567	1939,57251
37,40677261	-0,639896929	1945,687988
37,50857925	-0,628058195	1951,796509
37,61045837	-0,624131918	1957,911865
37,71240234	-0,620401382	1964,026978
37,81429291	-0,615026116	1970,141357
37,91620255	-0,609132409	1976,254272
38,01811218	-0,602218747	1982,36853
38,11991882	-0,605142832	1988,477905
38,22185135	-0,605752707	1994,595337
38,32385254	-0,595899224	2000,71228
38,42570114	-0,587838888	2006,824097
38,52762222	-0,582106769	2012,941528
38,62945557	-0,56997329	2019,049927
38,73137665	-0,561735392	2025,164185
38,83330154	-0,557121754	2031,280884
38,93517685	-0,549546778	2037,393555
39,0370903	-0,541165411	2043,508545
39,13904953	-0,527865529	2049,624512
39,24084091	-0,523309946	2055,730469
39,34260559	-0,524863601	2061,838867
39,44455719	-0,521442533	2067,956543
39,54644775	-0,516200423	2074,068115
39,64824677	-0,51059413	2080,176514
39,75006485	-0,503744781	2086,287109
39,85206985	-0,494499087	2092,406982
39,95396805	-0,480112821	2098,520264
40,05589294	-0,473768681	2104,637695
40,15785217	-0,465209901	2110,753174
40,25973892	-0,450576723	2116,864258
40,36162949	-0,439270318	2122,980469
40,46357727	-0,434842527	2129,097656
40,56563187	-0,422859371	2135,22168
40,66761017	-0,413182706	2141,335938
40,76947784	-0,402054667	2147,450195
40,87152863	-0,39705348	2153,57251
40,97340393	-0,38745454	2159,685791
41,07538986	-0,376541406	2165,804443
41,17722702	-0,373591453	2171,916992
41,27918243	-0,368062466	2178,030029
41,38087082	-0,357116222	2184,13623
41,48274994	-0,338897467	2190,247314
41,58467484	-0,329090655	2196,359619
41,68655777	-0,318421572	2202,473145
41,78848648	-0,308553189	2208,590576
41,89025116	-0,30212158	2214,696533
41,99207306	-0,295769602	2220,804932
42,09382629	-0,287165225	2226,909912
42,1955986	-0,283609867	2233,015381
42,29733276	-0,286502749	2239,121094
42,39925385	-0,28467375	2245,237305
42,501194	-0,269861937	2251,35083
42,60297012	-0,246380553	2257,458008
42,7048111	-0,230280042	2263,570801
42,80675507	-0,228925064	2269,686279
42,90859985	-0,228143498	2275,795898
43,01054382	-0,231606781	2281,914551
43,11242676	-0,233253866	2288,030762
43,21446991	-0,233743638	2294,149414
43,31641006	-0,219793081	2300,265869
43,41827393	-0,207369447	2306,378418
43,52020264	-0,202517986	2312,494873
43,62211609	-0,20178774	2318,60791
43,72402954	-0,19828935	2324,723877
43,82595062	-0,192702755	2330,838867
43,92776108	-0,189944327	2336,94751
44,02961349	-0,183436245	2343,056396
44,13153458	-0,171699777	2349,170654
44,23342514	-0,162250966	2355,284424
44,33531952	-0,154310882	2361,401611
44,43728638	-0,147880316	2367,519043
44,53923416	-0,134997815	2373,635986
44,64113617	-0,132755756	2379,748535
44,74311447	-0,130347684	2385,866455
44,84492493	-0,122535899	2391,976807
44,94684601	-0,116628654	2398,092529
45,04878235	-0,110526197	2404,209961
45,15068054	-0,101526521	2410,321777
45,25255203	-0,084690601	2416,434082
45,35450363	-0,076066911	2422,550293
45,45643616	-0,067302793	2428,667969
45,55844498	-0,062116344	2434,789551
45,66029739	-0,052992091	2440,898682
45,76215744	-0,045500945	2447,013184
45,86405182	-0,040268801	2453,123291
45,96594238	-0,040213488	2459,235596
46,06778336	-0,03035878	2465,348389
46,16975784	-0,023598254	2471,467529
46,27179718	-0,018016512	2477,590088
46,37372589	-0,01374515	2483,704102
46,47560501	-0,007718541	2489,817627
46,57744217	-0,00267078	2495,92749
46,67949295	0,007238475	2502,052246
46,78144455	0,018927809	2508,170166
46,88334656	0,032814261	2514,281006
46,98516846	0,04431754	2520,391602
47,08712006	0,051650602	2526,506836
47,18915176	0,055391669	2532,629395
47,29112244	0,060248863	2538,748047
47,39302826	0,069106206	2544,862549
47,49505234	0,076969333	2550,98291
47,59695053	0,088550232	2557,0979
47,69883728	0,098450251	2563,211182
47,80064774	0,108054221	2569,319336
47,90254211	0,111697927	2575,432129
48,00446701	0,128444135	2581,549072
48,10630035	0,135061353	2587,659424
48,20829391	0,144000977	2593,7771
48,31027222	0,146595314	2599,897217
48,41223145	0,149926126	2606,014893
48,51409149	0,154462829	2612,124268
48,6159935	0,163817689	2618,240723
48,71792984	0,170289606	2624,35376
48,81985092	0,186673045	2630,469482
48,92173767	0,195540786	2636,586914
49,02368927	0,195315868	2642,699951
49,12547302	0,208471462	2648,809082
49,22726059	0,219301954	2654,915283
49,32910538	0,227321744	2661,0271
49,43105316	0,231897861	2667,142578
49,53287888	0,236996919	2673,253174
49,6348877	0,242169842	2679,374756
49,73693848	0,25056079	2685,495605
49,83887482	0,258891821	2691,611816
49,94068527	0,267228425	2697,721191
50,04246521	0,27109009	2703,827637
50,14424133	0,272447616	2709,93335
50,24618149	0,278620422	2716,050537
50,3481369	0,295955032	2722,166748
50,44997025	0,305778444	2728,276123
50,55186844	0,31016314	2734,390137
50,65368271	0,309992343	2740,499512
50,75574112	0,31572935	2746,623535
50,85762405	0,318993151	2752,735107
50,95967865	0,324462265	2758,856689
51,06158447	0,332696646	2764,973145
51,1634903	0,33797881	2771,087158
51,26541519	0,33893618	2777,202881
51,36743164	0,334968776	2783,32373
51,46924591	0,335398793	2789,435547
51,57127762	0,33994174	2795,554688
51,67316055	0,349357098	2801,66748
51,7751236	0,358600289	2807,784424
51,87704849	0,367364407	2813,9021
51,97901535	0,378050745	2820,020264
52,08094788	0,386285573	2826,13501
52,1829071	0,395395935	2832,254883
52,28475571	0,402863055	2838,364258
52,38682938	0,415641874	2844,489258
52,48875809	0,417182535	2850,604492
52,59069824	0,41672343	2856,720215
52,69259644	0,425197214	2862,832031
52,79449081	0,434941679	2868,948242
52,89648438	0,443610698	2875,068604
52,99830246	0,448522806	2881,176758
53,10021591	0,464554876	2887,292236
53,20210266	0,466884196	2893,406494
53,30387878	0,46735847	2899,512207
53,40582657	0,468435287	2905,626465
53,50766373	0,47512126	2911,739258
53,60954666	0,485772848	2917,852539
53,71143341	0,49389109	2923,963135
53,81337357	0,506768227	2930,082275
53,91522598	0,530039012	2936,192871
54,01725006	0,542297363	2942,314941
54,11922836	0,545468569	2948,432861
54,2211647	0,551618874	2954,549072
54,32314682	0,556920469	2960,666016
54,42496872	0,551964939	2966,7771
54,52688599	0,54990232	2972,893066
54,62890244	0,547476232	2979,013672
54,73085022	0,546676338	2985,129639
54,83287048	0,547923326	2991,250244
54,93487167	0,550834775	2997,371094
55,0368042	0,558945	3003,486816
55,13856506	0,565896094	3009,594482
55,24036789	0,566075563	3015,700684
55,34224701	0,567937136	3021,813721
55,44399261	0,570091844	3027,916016
55,54587173	0,583548069	3034,033203
55,64789581	0,592918336	3040,155029
55,74988937	0,605267823	3046,271729
55,8518219	0,625308692	3052,38623
55,95358658	0,639039338	3058,49292
56,0555191	0,646244466	3064,609375
56,15740204	0,648669302	3070,723389
56,25930023	0,646786392	3076,837158
56,36126328	0,645084381	3082,954346
56,46316528	0,64529109	3089,067139
56,56497955	0,648480058	3095,179443
56,66696167	0,660589397	3101,295898
56,7689476	0,665911913	3107,416016
56,87083435	0,669713676	3113,529053
56,9728508	0,671728015	3119,651367
57,07476425	0,675956488	3125,764893
57,17665482	0,678576529	3131,877197
57,27861786	0,68162477	3137,995117
57,38051224	0,696080267	3144,111084
57,48251343	0,70623666	3150,230469
57,58445358	0,709649086	3156,348633
57,68638992	0,705643415	3162,460205
57,78842163	0,706131577	3168,585205
57,89039993	0,708426178	3174,705566
57,99232864	0,707762837	3180,819092
58,09430313	0,706846952	3186,936768
58,19615555	0,710145414	3193,047607
58,29808044	0,719092488	3199,165039
58,39999771	0,723901033	3205,27832
58,50191116	0,721716642	3211,393555
58,60381317	0,722897232	3217,506592
58,70571518	0,726471424	3223,624512
58,80756378	0,728228688	3229,733398
58,9095459	0,729890764	3235,853271
59,01143265	0,734839797	3241,964355
59,11325836	0,740668595	3248,073975
59,21507263	0,745833695	3254,182129
59,31707001	0,747653186	3260,302246
59,41896057	0,754837513	3266,416748
59,52104187	0,759122372	3272,539551
59,62294006	0,761536002	3278,655518
59,72494507	0,761756301	3284,776367
59,82688522	0,765096426	3290,892334
59,92882538	0,765301704	3297,007324
60,03066635	0,761567652	3303,119873
60,13254166	0,758371055	3309,232666
60,23448944	0,755434692	3315,349854
60,33635712	0,753580749	3321,459473
60,43819046	0,753126442	3327,573486
60,54023361	0,7543782	3333,694092
60,64221954	0,7551108	3339,813721
60,74402237	0,75415349	3345,922607
60,84578705	0,75350523	3352,02832
60,94770432	0,753494322	3358,143555
61,0495491	0,752651513	3364,253662
61,15147781	0,750670135	3370,368164
61,25345993	0,750126719	3376,488037
61,35526657	0,749698997	3382,597412
61,45722961	0,749183655	3388,712158
61,55920792	0,747493386	3394,834229
61,6611557	0,743863881	3400,947998
61,76305389	0,74185276	3407,064209
61,86502838	0,739751279	3413,182617
61,96695709	0,734188855	3419,29834
62,06884384	0,734117389	3425,414795
62,17086792	0,731785059	3431,531738
62,27281189	0,72947371	3437,650391
62,37479782	0,728807807	3443,768311
62,47675705	0,728576541	3449,883545
62,57857132	0,725980997	3455,996094
62,68051529	0,716308534	3462,111816
62,78239441	0,700052321	3468,224121
62,88431549	0,692504764	3474,337891
62,98625183	0,683933437	3480,458008
63,08819199	0,676936686	3486,570313
63,19013977	0,667434573	3492,6875
63,29209137	0,658746123	3498,809082
63,3940506	0,641145706	3504,922852
63,49596024	0,623164594	3511,038086
63,59765244	0,616576076	3517,137207
63,69947052	0,61205399	3523,249023
63,80156326	0,606831849	3529,373047
63,90349197	0,60443902	3535,490234
64,00554657	0,605337799	3541,614014
64,10748291	0,610129774	3547,729248
64,20939636	0,610273004	3553,845459
64,3113327	0,607603788	3559,960205
64,41329956	0,612571299	3566,080811
64,5152359	0,618318021	3572,196533
64,61716461	0,62234211	3578,308594
64,71902466	0,623486161	3584,423828
64,82103729	0,625930965	3590,542969
64,92289734	0,627412677	3596,6521
65,02475739	0,629367113	3602,765137
65,12661743	0,632361293	3608,879639
65,22847748	0,636294007	3614,98999
65,33035278	0,636961579	3621,10376
65,4323349	0,63687396	3627,218262
65,53395081	0,637847066	3633,317139
65,63587952	0,640414953	3639,43335
65,73765564	0,645121992	3645,539551
65,83955383	0,657133639	3651,652588
65,94147491	0,676922977	3657,768066
66,04332733	0,697387755	3663,879883
66,14524078	0,701242685	3669,994873
66,24713898	0,701408625	3676,109131
66,34909058	0,705408752	3682,224854
66,4509201	0,708304584	3688,335205
66,55282593	0,713099062	3694,449463
66,65476227	0,720472157	3700,566406
66,7565918	0,748643577	3706,676758
66,85851288	0,792171836	3712,790771
66,96038818	0,809628308	3718,903809
67,06237793	0,816967905	3725,023682
67,16426086	0,841467202	3731,135742
67,26618195	0,841357529	3737,251221
67,36808014	0,83365804	3743,365234
67,47011566	0,824032962	3749,486572
67,57192993	0,829907179	3755,595947
67,67388916	0,836504817	3761,714844
67,77575684	0,842365086	3767,825195
67,87780762	0,839401603	3773,950195
67,97986603	0,838320374	3780,071777
68,08175659	0,841209829	3786,186768
68,18367767	0,841300488	3792,298584
68,28559113	0,841622531	3798,415527
68,38761139	0,841734529	3804,537109
68,48960876	0,843536735	3810,656982
68,59160614	0,846269727	3816,7771
68,6936264	0,845541298	3822,897705
68,79556274	0,844401717	3829,014893
68,89740753	0,840048194	3835,126709
68,99926758	0,834510148	3841,234863
69,1011734	0,831890881	3847,350098
69,20307922	0,831975639	3853,465332
69,3049469	0,829470217	3859,576416
69,40700531	0,828323901	3865,700684
69,50882721	0,82791853	3871,809814
69,61058044	0,824422598	3877,915283
69,71251678	0,822353423	3884,030273
69,81443787	0,816970348	3890,145996
69,91637421	0,81119746	3896,262695
70,01826477	0,809637427	3902,376465
70,12014771	0,808244646	3908,488037
70,22207642	0,809088171	3914,60498
70,32385254	0,809111655	3920,712158
70,42584229	0,809423089	3926,830811
70,52779388	0,80553323	3932,947754
70,62975311	0,803372622	3939,067627
70,73166656	0,803327858	3945,180664
70,83351898	0,802625358	3951,291748
70,93541718	0,802271903	3957,404297
71,03733063	0,801004708	3963,522217
71,139328	0,798778892	3969,640869
71,24127197	0,792480111	3975,758789
71,34321594	0,788454235	3981,873047
71,44526672	0,789462924	3987,996338
71,54724121	0,790287137	3994,114502
71,6489563	0,789724648	4000,218018
71,75094604	0,787158132	4006,337891
71,85287476	0,787145436	4012,45459
71,95478821	0,78411907	4018,566162
72,05670166	0,778428972	4024,681885
72,15860748	0,773481607	4030,798096
72,26054382	0,773639917	4036,912598
72,36248779	0,773112893	4043,030029
72,46450806	0,763693273	4049,152588
72,56652069	0,746739745	4055,27417
72,66847229	0,729310513	4061,390625
72,77042389	0,709434807	4067,50708
72,87230682	0,691442668	4073,620361
72,97416687	0,678846896	4079,731201
73,07610321	0,673683286	4085,846191
73,17816162	0,663030028	4091,969971
73,28010559	0,643720508	4098,089355
73,38208771	0,626319408	4104,208984
73,48427582	0,606319606	4110,338379
73,58629608	0,587229133	4116,458496
73,68810272	0,566173792	4122,567383
73,79006195	0,555136025	4128,685547
73,89192963	0,551026165	4134,794922
73,99358368	0,542940974	4140,896484
74,09550476	0,531237125	4147,011719
74,19747162	0,514838219	4153,129395
74,29943085	0,498310953	4159,246094
74,40132904	0,473843724	4165,358887
74,5033493	0,450016379	4171,480957
74,60518646	0,413817555	4177,591309
74,70709991	0,374299735	4183,707031
74,8090744	0,34773317	4189,826172
74,911026	0,306908995	4195,943848
75,01296997	0,256703913	4202,05957
75,11489868	0,208650559	4208,174805
75,2168045	0,151573256	4214,287598
75,3187561	0,1189344	4220,408203
75,42068481	0,118029952	4226,522949
75,52265167	0,117291674	4232,640625
75,62458038	0,089066826	4238,755859
75,72655487	0,063733697	4244,875
75,8285141	0,033861283	4250,991699
75,9305191	0,022171687	4257,11084
76,03239441	0,012099049	4263,227051
76,13446808	0,012467672	4269,349609
76,23638153	0,016375858	4275,464355
76,33826447	0,007958337	4281,577148
76,44026947	0,009858392	4287,700195
76,54214478	0,022467878	4293,812012
76,644104	0,032935105	4299,927734
76,74609375	0,043931957	4306,04834
76,84803009	0,053052932	4312,161621
76,95005035	0,059244107	4318,285156
77,05192566	0,063266173	4324,398438
77,15386963	0,065899849	4330,515137
77,25572968	0,068947934	4336,626953
77,35764313	0,075852789	4342,740723
77,45973969	0,086414069	4348,868164
77,56169891	0,097997546	4354,979492
77,66355133	0,103200182	4361,095703
77,76553345	0,107836768	4367,213379
77,86743927	0,110441536	4373,32666
77,96945953	0,10686893	4379,450684
78,07138824	0,103261702	4385,562988
78,1734314	0,099983238	4391,6875
78,27518463	0,098685212	4397,793457
78,37721252	0,096373029	4403,912598
78,47904968	0,092459425	4410,024414
78,58092499	0,085385725	4416,137207
78,68280029	0,08315707	4422,251465
78,78476715	0,082721889	4428,368164
78,88660431	0,085788399	4434,479004
78,98847198	0,09127301	4440,591797
79,09034729	0,093108498	4446,702148
79,19213867	0,09124966	4452,810547
79,29416656	0,089271978	4458,931152
79,39595795	0,087230675	4465,039063
79,49783325	0,081438415	4471,150391
79,59977722	0,071931772	4477,268555
79,70163727	0,058309965	4483,381348
79,80347443	0,034999732	4489,489746
79,9054184	0,022382541	4495,607422
80,00739288	0,020754928	4501,726074
80,10923767	0,027164932	4507,838867
80,21114349	0,033496328	4513,950684
80,31304169	0,035279661	4520,063965
80,41486359	0,037300412	4526,174316
80,51689911	0,037183862	4532,297852
80,61890411	0,03786217	4538,416504
80,72076416	0,037119035	4544,529297
80,82258606	0,037174791	4550,638672
80,92453766	0,03823993	4556,756836
81,0265274	0,036298212	4562,876465
81,12833405	0,033369958	4568,98584
81,2302475	0,035450332	4575,100098
81,33203125	0,038022552	4581,209473
81,43398285	0,03976192	4587,322754
81,53591156	0,042248059	4593,439453
81,6377182	0,044609416	4599,549805
81,73963165	0,049055241	4605,666016
81,84160614	0,0537665	4611,782715
81,94342804	0,05475942	4617,890137
82,04530334	0,056549881	4624,005371
82,1472702	0,060478311	4630,124512
82,24913788	0,066669658	4636,23584
82,35108185	0,072809376	4642,352539
82,45307922	0,081491202	4648,473145
82,55500031	0,08891131	4654,587891
82,65679169	0,096480228	4660,692871
82,75853729	0,101579651	4666,800781
82,8605957	0,107945554	4672,925293
82,96248627	0,113508321	4679,036621
83,06437683	0,12109831	4685,150391
83,1663208	0,130769894	4691,268555
83,26835632	0,141948029	4697,391113
83,37045288	0,147255868	4703,515625
83,47241974	0,151974872	4709,638184
83,57434845	0,171377897	4715,748047
83,67645264	0,190831497	4721,877441
83,77849579	0,199241787	4727,999023
83,88027954	0,209453553	4734,10791
83,98216248	0,230193213	4740,21875
84,08418274	0,24359253	4746,338867
84,18600464	0,265376866	4752,448242
84,28790283	0,283974171	4758,5625
84,38988495	0,298830777	4764,681641
84,49184418	0,313916862	4770,801758
84,5938797	0,337462932	4776,921387
84,69586182	0,352733403	4783,040039
84,79776764	0,376091033	4789,154785
84,89959717	0,400757968	4795,26416
85,00146484	0,404125392	4801,376953
85,10342407	0,399334013	4807,495605
85,20522308	0,395121872	4813,601563
85,30705261	0,394539416	4819,714355
85,40896606	0,39920947	4825,827148
85,51094818	0,408043563	4831,946777
85,61286926	0,410639882	4838,061523
85,71485138	0,406783283	4844,182129
85,81664276	0,402993381	4850,289551
85,91867828	0,401535034	4856,411621
86,02066803	0,399229378	4862,529297
86,12245941	0,399322361	4868,636719
86,22439575	0,401295811	4874,753418
86,32626343	0,402871192	4880,864746
86,42818451	0,401479095	4886,979004
86,53009033	0,399395257	4893,093262
86,63204193	0,395620853	4899,211914
86,73413849	0,393400699	4905,338379
86,83615875	0,392003119	4911,460449
86,93811798	0,386036068	4917,574707
87,04004669	0,382713258	4923,691406
87,14190674	0,379628837	4929,802246
87,24385834	0,376136988	4935,919922
87,34579468	0,372512877	4942,035156
87,44767761	0,370678991	4948,148438
87,54949188	0,369366467	4954,257813
87,65151978	0,370622426	4960,379395
87,75345612	0,372934073	4966,498047
87,85544586	0,373829335	4972,615234
87,95739746	0,375271082	4978,731934
88,05930328	0,378594279	4984,846191
88,16117096	0,380740196	4990,959473
88,2631073	0,381456316	4997,074707
88,36519623	0,378343612	5003,19873
88,46720123	0,372409582	5009,322266
88,56933594	0,365515769	5015,449219
88,67127228	0,363420963	5021,563477
88,77322388	0,360153496	5027,682129
88,87520599	0,354179919	5033,80127
88,97716522	0,34157595	5039,918945
89,07907867	0,323969573	5046,033691
89,18103027	0,301964581	5052,151367
89,28308868	0,283297151	5058,273438
89,3849411	0,269138873	5064,386719
89,48677063	0,25316152	5070,490234
89,58866119	0,238693476	5076,607422
89,69050598	0,206757948	5082,719238
89,79238129	0,192415953	5088,827637
89,89411163	0,172953963	5094,933594
89,99609375	0,1487903	5101,054199
90,09806824	0,124177359	5107,172852
90,1999588	0,093969919	5113,283203
90,30181122	0,07729616	5119,399414
90,40369415	0,065934099	5125,509766
90,50556183	0,038750812	5131,62207
90,60751343	0,023789722	5137,73877
90,70932007	0,009470453	5143,848145
90,81130219	-0,024625778	5149,967773
90,91321564	-0,041845959	5156,07959
91,01514435	-0,035569429	5162,196777
91,11716461	-0,024278089	5168,319336
91,2190094	-0,017437788	5174,429688
91,32100677	-0,025516292	5180,550293
91,42293549	-0,037999842	5186,662109
91,52465057	-0,051578116	5192,769531
91,62664032	-0,063805901	5198,885254
91,7285614	-0,065433279	5205,00293
91,83055878	-0,076056182	5211,120605
91,93247986	-0,077574342	5217,237305
92,03442383	-0,079732202	5223,353516
92,1364212	-0,082554206	5229,474121
92,2383194	-0,096549593	5235,589355
92,34030914	-0,102028742	5241,70459
92,44216919	-0,108411066	5247,818848
92,54412842	-0,110677958	5253,936523
92,64622498	-0,112318926	5260,0625
92,74822235	-0,12633726	5266,181641
92,85015106	-0,145072341	5272,297852
92,95197296	-0,151438534	5278,407715
93,05391693	-0,149456874	5284,520996
93,15589905	-0,154167876	5290,644043
93,25785065	-0,157053322	5296,756836
93,35967255	-0,161183357	5302,866699
93,46155548	-0,183737949	5308,984375
93,56348419	-0,247158587	5315,099121
93,66539764	-0,32407701	5321,212402
93,7672348	-0,387126207	5327,323242
93,86920166	-0,41890192	5333,441406
93,97116089	-0,447825283	5339,558594
94,07324982	-0,48663345	5345,685547
94,17525482	-0,519713283	5351,803711
94,27716827	-0,54573828	5357,921387
94,3791275	-0,577658594	5364,037109
94,48097992	-0,601140082	5370,147461
94,58295441	-0,604685903	5376,26709
94,68479919	-0,607318521	5382,377441
94,78672791	-0,606212974	5388,490234
94,88861084	-0,591221511	5394,605469
94,9905777	-0,610049307	5400,724121
95,09265137	-0,639454782	5406,849121
95,19450378	-0,669567823	5412,960938
95,29654694	-0,701655984	5419,083984
95,39835358	-0,714150906	5425,191406
95,50035095	-0,728109419	5431,309082
95,60235596	-0,750927746	5437,431641
95,70432281	-0,760665774	5443,545898
95,8062973	-0,765625477	5449,668457
95,90817261	-0,774484217	5455,776855
96,01010132	-0,78812933	5461,895996
96,11215973	-0,811012506	5468,01709
96,21400452	-0,838190496	5474,129395
96,31594849	-0,870729506	5480,246582
96,41786194	-0,893437386	5486,361816
96,51980591	-0,914201498	5492,477539
96,62174225	-0,9209885	5498,59375
96,72366333	-0,936885059	5504,709961
96,82549286	-0,948248446	5510,819824
96,92744446	-0,96256417	5516,936523
97,02942657	-0,987235904	5523,055664
97,13130951	-1,005387783	5529,16748
97,23326874	-1,020974636	5535,28418
97,33505249	-1,037658572	5541,391113
97,43697357	-1,056047678	5547,508789
97,53887939	-1,089919806	5553,624023
97,64079285	-1,120262861	5559,734863
97,74268341	-1,161886334	5565,850098
97,84457397	-1,191633821	5571,962891
97,9465332	-1,21357882	5578,081055
98,04842377	-1,234082818	5584,193848
98,15036011	-1,251480937	5590,313477
98,2522049	-1,284093261	5596,421875
98,35407257	-1,311645746	5602,535645
98,45607758	-1,331391215	5608,653809
98,5579834	-1,351749301	5614,768066
98,65999603	-1,372232795	5620,887207
98,7618103	-1,380228877	5626,999023
98,86377716	-1,405655622	5633,117188
98,96562195	-1,424758792	5639,228027
99,0675354	-1,434372425	5645,342773
99,16950226	-1,440498829	5651,460449
99,27148438	-1,456566811	5657,576172
99,37329102	-1,478907585	5663,686035
99,47518158	-1,502822995	5669,800781
99,5771637	-1,521322131	5675,920898
99,67907715	-1,543373704	5682,034668
99,78106689	-1,569067836	5688,156738
99,88298798	-1,59316206	5694,269531
99,98490906	-1,623035312	5700,386719
