scan 105/12/202208:57:21		
temp(degC)	power	time(seconds)
5,099294662	345,4139099	5,125128269
5,206372738	386,5402222	11,27468586
5,308269501	313,5663452	17,42720795
5,409768105	254,8601685	23,57968712
5,511111736	209,8388824	29,7312088
5,612397194	171,2551422	35,88178253
5,713686943	137,0908051	42,03326416
5,814970493	107,3100357	48,18425751
5,916292191	82,07788849	54,33535385
6,017648697	61,19761276	60,48786926
6,119027615	44,34917831	66,6403656
6,220319748	31,03543472	72,786026
6,321736336	20,66752052	78,93848419
6,423216343	12,67645741	85,09098053
6,52473402	6,65248394	91,24349213
6,626266003	2,140862226	97,3950119
6,727827072	-1,190170527	103,5455399
6,829449177	-3,585004091	109,6970901
6,931102276	-5,264648914	115,8485947
7,0327878	-6,413552761	122,000145
7,134513855	-7,158063412	128,1526642
7,236272335	-7,607502937	134,3041534
7,338026047	-7,829063416	140,4547119
7,439851761	-7,902130604	146,6072083
7,541677952	-7,841965199	152,7595062
7,643556118	-7,758183002	158,909256
7,745437145	-7,604332924	165,0617676
7,847354412	-7,368015289	171,2132721
7,949304581	-7,123106956	177,365799
8,051293373	-6,873820305	183,5182953
8,153285027	-6,633823872	189,6710052
8,255274773	-6,378710747	195,8213196
8,35730648	-6,141095638	201,9718781
8,459352493	-5,945961952	208,1243896
8,561412811	-5,734770298	214,2758942
8,663506508	-5,537144661	220,4283905
8,765607834	-5,368263721	226,579895
8,867730141	-5,203590393	232,7314453
8,969825745	-5,045399666	238,881012
9,071951866	-4,900146008	245,0315399
9,174143791	-4,776942253	251,1840515
9,276315689	-4,671455383	257,3355713
9,378507614	-4,547278404	263,4870911
9,480676651	-4,439240456	269,6376343
9,582924843	-4,344895363	275,7901306
9,685147285	-4,260614872	281,9416504
9,787402153	-4,177826405	288,0931702
9,889631271	-4,101412773	294,2446899
9,991892815	-4,044835567	300,3961792
10,09418201	-4,004372597	306,5486755
10,19646931	-3,974857807	312,6992493
10,29876232	-3,943083048	318,8507385
10,40108871	-3,89209199	325,0036621
10,50340748	-3,823799133	331,1557617
10,60569572	-3,747282028	337,3053284
10,70801735	-3,676239729	343,4568787
10,81035519	-3,60138011	349,6083679
10,91269016	-3,530786991	355,7602844
11,01505852	-3,467012882	361,9124146
11,1174221	-3,388458729	368,0629578
11,2197628	-3,316823483	374,2144775
11,32213306	-3,237266541	380,3659973
11,42450905	-3,16450882	386,5185242
11,52690697	-3,097492218	392,6712341
11,6292696	-3,020655394	398,8215332
11,73165703	-2,959505081	404,9730835
11,83402443	-2,897750854	411,1235962
11,93645763	-2,849104166	417,2760925
12,03887653	-2,806061745	423,4285889
12,14129639	-2,75201869	429,5810852
12,24367905	-2,69771862	435,7306519
12,3461256	-2,656871796	441,8831787
12,44854832	-2,609776974	448,034668
12,55096912	-2,558258295	454,1862183
12,65341377	-2,526998043	460,3386841
12,75585747	-2,492048979	466,4902039
12,85826397	-2,437890053	472,639801
12,96069241	-2,38716507	478,7913208
13,06313801	-2,352090359	484,9418335
13,16560078	-2,323586702	491,0943298
13,26805401	-2,286571264	497,2458496
13,37050343	-2,256306887	503,3973694
13,4729948	-2,228703737	509,5498962
13,57547951	-2,195461512	515,7023926
13,67795658	-2,138208628	521,8548584
13,78040981	-2,094707966	528,0065308
13,88291264	-2,064143181	534,1569824
13,9853344	-2,045501471	540,3084717
14,08783054	-2,015030622	546,4609985
14,19031239	-2,004080057	552,6124878
14,29280281	-1,980715752	558,7644043
14,39528561	-1,937737107	564,9165039
14,49778557	-1,887675285	571,0689697
14,60027027	-1,856282115	577,22052
14,70276737	-1,838350654	583,3730469
14,80526066	-1,810753822	589,5255127
14,9077425	-1,791991949	595,6775513
15,01018047	-1,773712039	601,8256226
15,11266232	-1,747780085	607,9771729
15,21514511	-1,716265202	614,1276855
15,31763268	-1,692469239	620,2802124
15,4201479	-1,678797603	626,4326782
15,52264595	-1,65197289	632,5852051
15,62515831	-1,629768968	638,7377319
15,72766304	-1,617027521	644,8901978
15,83015728	-1,609629989	651,0407715
15,93265152	-1,592939377	657,1922607
16,03516197	-1,566226602	663,3452148
16,13763428	-1,543999672	669,4953613
16,24014282	-1,531471848	675,6468506
16,34261894	-1,524821758	681,7973633
16,44513893	-1,512690663	687,9498901
16,54765511	-1,505939841	694,102356
16,65014839	-1,495074034	700,2490234
16,75260162	-1,482419729	706,4014893
16,85512161	-1,461850762	712,5540161
16,95723915	-1,456762195	718,6766357
17,0593071	-1,45288229	724,8049927
17,16137123	-1,438824654	730,9282837
17,26332474	-1,425749779	737,0460815
17,36538696	-1,415745735	743,1712646
17,46730804	-1,398118973	749,2874756
17,56924438	-1,379037976	755,4055786
17,67119789	-1,364291668	761,5241699
17,77312088	-1,359319448	767,6367188
17,87504768	-1,348071814	773,7540894
17,97709084	-1,329998493	779,8776245
18,07902908	-1,322290182	785,9966431
18,18098068	-1,313904762	792,1112671
18,28292847	-1,307294011	798,2283936
18,38488579	-1,299804807	804,3478394
18,48681259	-1,288498044	810,4639893
18,58889389	-1,281913161	816,5910034
18,69090843	-1,272713065	822,7106934
18,79283142	-1,265592813	828,8267212
18,89478302	-1,262541056	834,9459229
18,99672699	-1,258022308	841,0610962
19,09866333	-1,247490406	847,1796265
19,20071411	-1,233836532	853,3010864
19,30276299	-1,229641795	859,423584
19,40470123	-1,225851417	865,543396
19,50670433	-1,219087481	871,6636963
19,60869598	-1,218382478	877,7822876
19,71063232	-1,217542648	883,8970947
19,81257439	-1,211252093	890,017334
19,91454697	-1,207081079	896,1360474
20,01656532	-1,202372432	902,2565308
20,11862183	-1,200205088	908,380249
20,22058678	-1,196065187	914,4987183
20,32262611	-1,192541122	920,6201782
20,4246521	-1,187483907	926,7422485
20,52661324	-1,187412739	932,8577881
20,62864494	-1,176834464	938,980896
20,73066139	-1,162878752	945,1049194
20,83262253	-1,155449867	951,2218018
20,93469048	-1,155679345	957,3457642
21,03681755	-1,156072021	963,4728394
21,13872528	-1,156639338	969,5855103
21,24073792	-1,155393481	975,7094727
21,34284782	-1,157832265	981,8356934
21,44484711	-1,159099102	987,9575806
21,54689598	-1,156881332	994,0779419
21,64890671	-1,151506662	1000,198486
21,75090218	-1,149447441	1006,320435
21,85293198	-1,149147749	1012,439331
21,95485687	-1,143718362	1018,557007
22,05683327	-1,13799572	1024,674927
22,15873909	-1,135668755	1030,789307
22,26082039	-1,131475687	1036,915161
22,36285591	-1,124628663	1043,035278
22,46487999	-1,121991634	1049,159546
22,56683922	-1,122411251	1055,275391
22,66891289	-1,12339294	1061,400269
22,77090645	-1,123232961	1067,52002
22,87298584	-1,124719858	1073,646362
22,97495651	-1,121638417	1079,762817
23,07693291	-1,116194367	1085,880493
23,17895126	-1,114933848	1092,003174
23,28089714	-1,110979795	1098,119507
23,38289261	-1,107228875	1104,237549
23,48483467	-1,104229331	1110,356201
23,58676338	-1,104782462	1116,469971
23,68872261	-1,103804708	1122,587036
23,79057884	-1,103550792	1128,699951
23,89256477	-1,104396343	1134,820435
23,9946785	-1,105224252	1140,94397
24,0966835	-1,10572648	1147,066162
24,19872093	-1,102685213	1153,187378
24,3007164	-1,096842408	1159,306763
24,40280342	-1,082067847	1165,435425
24,50481987	-1,069269896	1171,556641
24,60687447	-1,060887098	1177,678467
24,70901108	-1,05977428	1183,808228
24,81097603	-1,062494397	1189,924927
24,91304779	-1,063840628	1196,047729
25,0149765	-1,061510444	1202,162842
25,11699867	-1,059289813	1208,285645
25,21896744	-1,05778265	1214,401733
25,3209362	-1,05064559	1220,522339
25,42295265	-1,042429447	1226,644287
25,52487373	-1,034156203	1232,758179
25,62694359	-1,031482577	1238,883179
25,72902489	-1,03238821	1245,008057
25,83098602	-1,035324097	1251,122559
25,93292618	-1,0358634	1257,243774
26,03486824	-1,035483003	1263,358398
26,13684273	-1,029201031	1269,475464
26,2388649	-1,025527835	1275,596802
26,34082794	-1,023068428	1281,716919
26,44288826	-1,021666408	1287,841797
26,54496765	-1,015411258	1293,964355
26,64688301	-1,005152822	1300,080688
26,7489109	-0,995468438	1306,200928
26,85098457	-0,994851589	1312,327026
26,95305443	-0,997011364	1318,448364
27,05509567	-0,992184103	1324,571289
27,15699768	-0,983659565	1330,685059
27,25898743	-0,980859101	1336,803833
27,36103439	-0,978588045	1342,927612
27,46305275	-0,980270207	1349,047852
27,5650959	-0,983748496	1355,169922
27,66705132	-0,989427865	1361,284424
27,76899529	-0,992872357	1367,40564
27,87109375	-0,992219746	1373,528931
27,9730854	-0,991641402	1379,646606
28,07507133	-0,991055429	1385,765625
28,17706871	-0,991657734	1391,883911
28,27907562	-0,993144751	1398,005981
28,381073	-0,994255006	1404,124023
28,48310661	-0,994808555	1410,245972
28,58507156	-0,997151315	1416,36377
28,68710709	-1,000729561	1422,485474
28,78907967	-1,002102017	1428,602783
28,89102745	-1,004231334	1434,719116
28,99306679	-1,004486799	1440,842773
29,09503937	-1,009124756	1446,959961
29,19698524	-1,020184875	1453,078613
29,29894257	-1,030544996	1459,193115
29,40090942	-1,043170691	1465,313232
29,50294685	-1,060934544	1471,434448
29,60492134	-1,077116966	1477,552612
29,70686531	-1,086284637	1483,66748
29,80881882	-1,099126816	1489,786377
29,91090965	-1,122773528	1495,911133
30,01285934	-1,145283461	1502,0271
30,11487961	-1,151108503	1508,150391
30,21692085	-1,167176962	1514,271484
30,31887627	-1,178029895	1520,388672
30,42082405	-1,185917616	1526,502441
30,522892	-1,206077933	1532,630737
30,62507248	-1,234497547	1538,760376
30,72707939	-1,255183816	1544,880371
30,82916451	-1,272520065	1551,005371
30,93117142	-1,280815125	1557,125244
31,03333855	-1,296577215	1563,25708
31,13528442	-1,308758259	1569,371704
31,23715591	-1,314778209	1575,486938
31,33912277	-1,326822877	1581,603149
31,44104576	-1,342093945	1587,717041
31,54300499	-1,354088426	1593,838623
31,64502525	-1,360352516	1599,956665
31,74690437	-1,379549623	1606,069702
31,84884453	-1,395639777	1612,187012
31,95080757	-1,401346564	1618,304077
32,05291748	-1,413118839	1624,431152
32,15490341	-1,428519845	1630,550537
32,25675964	-1,441425085	1636,661499
32,35871506	-1,443608284	1642,78064
32,46075058	-1,447235703	1648,901123
32,56280518	-1,452021122	1655,025024
32,66477203	-1,463941813	1661,142944
32,76680374	-1,472437382	1667,262939
32,86872482	-1,475302935	1673,380127
32,97068787	-1,476548553	1679,496948
33,07266235	-1,478369832	1685,615723
33,17460251	-1,476692557	1691,730713
33,27655792	-1,472755075	1697,850098
33,37860107	-1,47386837	1703,972046
33,48064041	-1,476557732	1710,095703
33,58260727	-1,481023431	1716,212769
33,68455887	-1,486358047	1722,331543
33,78662109	-1,49528563	1728,452759
33,8886528	-1,503135562	1734,575317
33,99059296	-1,499563098	1740,694336
34,09264755	-1,500128627	1746,81543
34,1946106	-1,504326582	1752,933716
34,29656219	-1,504177332	1759,051025
34,39844513	-1,503291488	1765,159302
34,50055313	-1,506932735	1771,293579
34,60262299	-1,51400125	1777,414795
34,70456314	-1,51610446	1783,531494
34,80667496	-1,526728392	1789,657227
34,90867233	-1,535247684	1795,777588
35,01060486	-1,540906191	1801,893799
35,11255264	-1,54986167	1808,008423
35,21459198	-1,55303669	1814,132568
35,31653214	-1,549674273	1820,248535
35,41851807	-1,548790693	1826,369141
35,52047348	-1,550026655	1832,487427
35,62254715	-1,556028128	1838,610107
35,72466278	-1,566538811	1844,735962
35,82659149	-1,576371312	1850,85498
35,92855072	-1,589412928	1856,970703
36,03045654	-1,59621048	1863,084595
36,13243866	-1,597453237	1869,2052
36,23439026	-1,599131823	1875,321167
36,33641052	-1,60084343	1881,443237
36,43839264	-1,602625489	1887,562256
36,54049683	-1,602580786	1893,689819
36,6425209	-1,602960825	1899,810181
36,74452209	-1,603785276	1905,931641
36,84647751	-1,602176666	1912,046753
36,94852066	-1,602172256	1918,17041
37,0504837	-1,603635311	1924,289185
37,1524353	-1,603523374	1930,406128
37,2544136	-1,606008768	1936,523438
37,35634613	-1,608164907	1942,639526
37,45838928	-1,607893586	1948,762451
37,56039047	-1,60788703	1954,885132
37,66237259	-1,608200788	1961,004272
37,764431	-1,60874331	1967,127563
37,86642456	-1,609166145	1973,245361
37,96844101	-1,609969735	1979,365967
38,07038879	-1,610659122	1985,484375
38,17236328	-1,617218137	1991,602539
38,27433014	-1,618121147	1997,718628
38,37631607	-1,619821787	2003,840332
38,47831726	-1,622383475	2009,958862
38,58042526	-1,628368735	2016,086304
38,68240356	-1,629936814	2022,203247
38,7844429	-1,628271937	2028,328857
38,88650131	-1,628902555	2034,448608
38,98852921	-1,627340078	2040,571167
39,09047318	-1,625986218	2046,690063
39,19246292	-1,626380801	2052,80542
39,29447174	-1,629706979	2058,928467
39,3965416	-1,630136728	2065,053955
39,49858856	-1,62869978	2071,175049
39,60067749	-1,628507733	2077,300293
39,70269775	-1,631827712	2083,420654
39,80463791	-1,634348035	2089,536865
39,90660477	-1,63436532	2095,657471
40,00855637	-1,633974195	2101,773438
40,11062241	-1,631691575	2107,895752
40,21256256	-1,629019022	2114,01123
40,31467056	-1,628453374	2120,14209
40,4168396	-1,630088925	2126,269043
40,51881409	-1,629798889	2132,387207
40,62075043	-1,627858043	2138,505127
40,72266769	-1,628082037	2144,619629
40,82468033	-1,628674865	2150,73999
40,92669678	-1,62695694	2156,860352
41,02867508	-1,619984269	2162,979004
41,13063049	-1,617417932	2169,097168
41,23265076	-1,618071437	2175,217773
41,3346405	-1,619551778	2181,335938
41,43657684	-1,620617628	2187,453125
41,53842926	-1,620037794	2193,564697
41,64049149	-1,619816184	2199,689453
41,7424736	-1,617840171	2205,808105
41,84458542	-1,614922643	2211,935547
41,9465332	-1,614441037	2218,051758
42,04850006	-1,614485741	2224,16626
42,1504364	-1,611465812	2230,282715
42,2524147	-1,608895898	2236,4021
42,35445023	-1,608946681	2242,5271
42,45653152	-1,60696125	2248,651123
42,55862808	-1,601339221	2254,777344
42,66059113	-1,595225573	2260,893799
42,76260376	-1,594447613	2267,016846
42,86470032	-1,594218254	2273,141113
42,96662521	-1,593644977	2279,253418
43,06850815	-1,591236711	2285,368652
43,17045975	-1,588257432	2291,488037
43,27245331	-1,582000136	2297,605225
43,37444687	-1,580795646	2303,725586
43,47639465	-1,583974481	2309,843994
43,57838058	-1,58566153	2315,960938
43,68029022	-1,582009435	2322,074951
43,78224945	-1,572407484	2328,195068
43,88430786	-1,569299817	2334,317383
43,98638916	-1,568762422	2340,441162
44,08833313	-1,567982793	2346,557373
44,1902771	-1,552955389	2352,673584
44,29220581	-1,54802084	2358,789795
44,39414597	-1,547550201	2364,907715
44,49610138	-1,540299773	2371,023926
44,59805298	-1,532163978	2377,143555
44,70007324	-1,529322386	2383,262939
44,80207825	-1,524363399	2389,382813
44,90409851	-1,506515384	2395,504395
45,00607681	-1,491251111	2401,623291
45,10803604	-1,480782151	2407,739746
45,21004486	-1,469982505	2413,860107
45,3121376	-1,458243728	2419,983643
45,41405869	-1,442409873	2426,10376
45,5161438	-1,435539961	2432,227051
45,61817551	-1,429087877	2438,348877
45,72013855	-1,413963914	2444,466064
45,82206726	-1,39925611	2450,582275
45,92405701	-1,393656731	2456,702881
46,02612305	-1,392673969	2462,827881
46,12820816	-1,391066551	2468,95166
46,23016739	-1,393678188	2475,06958
46,33223343	-1,389762282	2481,194092
46,4341774	-1,377370954	2487,308838
46,53610992	-1,37215519	2493,424805
46,63805771	-1,372660041	2499,542725
46,74003983	-1,375292897	2505,661621
46,8419838	-1,372291684	2511,777832
46,94393158	-1,36832273	2517,894775
47,04598618	-1,36217165	2524,016602
47,14796829	-1,359388828	2530,135742
47,24988937	-1,347119927	2536,251953
47,3518219	-1,332086921	2542,366699
47,45377731	-1,319860935	2548,486816
47,55572128	-1,308740377	2554,601318
47,65778732	-1,296387196	2560,726563
47,75984573	-1,290416479	2566,849854
47,8618927	-1,284606338	2572,97168
47,9638443	-1,272205949	2579,087891
48,06578827	-1,252391338	2585,205078
48,16775131	-1,231829762	2591,324707
48,26977158	-1,229235768	2597,445068
48,37174988	-1,214380741	2603,562256
48,47370911	-1,204447985	2609,679688
48,575737	-1,190381289	2615,801025
48,67783737	-1,180820346	2621,928223
48,77985764	-1,171221852	2628,050293
48,88179779	-1,155787349	2634,166016
48,9838562	-1,148841739	2640,289307
49,08591461	-1,152208328	2646,413818
49,18798828	-1,149825335	2652,536621
49,28996277	-1,139101982	2658,656006
49,3919487	-1,135084152	2664,775879
49,49401093	-1,131823778	2670,899658
49,5959549	-1,129203081	2677,014404
49,69800568	-1,117813826	2683,138428
49,80004501	-1,103052616	2689,26001
49,90200043	-1,088983059	2695,378662
50,00401688	-1,075559974	2701,500244
50,10597229	-1,066846848	2707,616699
50,20806885	-1,060081363	2713,740967
50,31011963	-1,04731667	2719,86499
50,4120903	-1,035301447	2725,983154
50,5141449	-1,035662413	2732,106689
50,61616135	-1,035899997	2738,229492
50,71825409	-1,033822894	2744,35498
50,82025909	-1,031776309	2750,47168
50,92234039	-1,026596546	2756,601318
51,02443314	-1,025286794	2762,721191
51,12638092	-1,018787026	2768,841553
51,22833633	-1,004156351	2774,957764
51,33040237	-0,990825593	2781,082031
51,43244171	-0,972803414	2787,206787
51,5344162	-0,950265765	2793,322021
51,63636017	-0,932944775	2799,440918
51,73851395	-0,930010974	2805,567871
51,84045792	-0,932131529	2811,684082
51,94239426	-0,930553973	2817,802002
52,04437637	-0,930618167	2823,920654
52,14630127	-0,928265035	2830,034424
52,24819183	-0,924122512	2836,148193
52,35012054	-0,91715914	2842,265625
52,45206451	-0,908884168	2848,380371
52,55405045	-0,905733764	2854,500977
52,65597534	-0,881573558	2860,614746
52,75789261	-0,852743983	2866,733887
52,85987091	-0,835378826	2872,851563
52,96183014	-0,829914808	2878,968994
53,06367493	-0,831724286	2885,077393
53,16563416	-0,831871808	2891,196777
53,26757813	-0,82506299	2897,312988
53,36953354	-0,82357502	2903,429932
53,47158051	-0,812147379	2909,552979
53,5736618	-0,796812713	2915,680176
53,67558289	-0,777846515	2921,794922
53,77755356	-0,766552329	2927,912354
53,87958527	-0,745789826	2934,032715
53,98162842	-0,738800228	2940,156494
54,08369064	-0,738466203	2946,279297
54,18571854	-0,746038496	2952,4021
54,28778839	-0,738675177	2958,523438
54,38973236	-0,725664258	2964,642334
54,49169159	-0,710454643	2970,760254
54,5937233	-0,691584647	2976,88208
54,69574356	-0,674793601	2983,002686
54,79774475	-0,663740337	2989,12207
54,89973068	-0,657916486	2995,241699
55,00188065	-0,650674641	3001,372803
55,10386276	-0,629312992	3007,491455
55,20598602	-0,607358813	3013,617432
55,30806732	-0,58028686	3019,742432
55,4101181	-0,562067866	3025,866211
55,51206589	-0,553098738	3031,982178
55,61413193	-0,536798537	3038,107422
55,71618652	-0,510737121	3044,228027
55,81811905	-0,468880296	3050,345215
55,92006302	-0,42316705	3056,461914
56,02202988	-0,392781585	3062,580811
56,1240654	-0,362851322	3068,703125
56,22615051	-0,311569899	3074,826172
56,32819366	-0,263628751	3080,951172
56,43022156	-0,228843555	3087,072754
56,53216553	-0,185479209	3093,187744
56,63423538	-0,134214357	3099,312988
56,7362709	-0,075233668	3105,434326
56,83824539	-0,022791855	3111,553955
56,9403038	0,026861332	3117,67749
57,04221725	0,069059178	3123,79126
57,14428711	0,121994331	3129,915771
57,24623871	0,170308292	3136,033936
57,3482933	0,222189143	3142,154053
57,45032883	0,288371235	3148,27832
57,55228806	0,341326177	3154,395508
57,65428543	0,375995129	3160,516113
57,75637054	0,422816843	3166,641846
57,85835266	0,459628403	3172,759766
57,96039963	0,495546937	3178,882813
58,06253815	0,534473419	3185,012451
58,16449356	0,596604645	3191,128906
58,26651764	0,653955817	3197,250244
58,36857986	0,698921263	3203,373047
58,47055054	0,748720169	3209,491455
58,57247925	0,811602414	3215,607178
58,67451859	0,872419775	3221,730469
58,77658844	0,919255197	3227,855713
58,87866592	0,980804741	3233,977783
58,98060226	1,042217016	3240,093994
59,0826416	1,082509398	3246,218018
59,18468094	1,115742683	3252,339355
59,28664398	1,156138539	3258,458008
59,3886795	1,220342159	3264,57959
59,49063492	1,297596335	3270,695557
59,5926857	1,366479039	3276,819092
59,69473648	1,430655003	3282,942383
59,79668808	1,504171014	3289,059082
59,89863205	1,567825079	3295,175293
60,00058365	1,608344555	3301,292725
60,10246277	1,649458766	3307,404541
60,20438385	1,705464125	3313,520508
60,30643082	1,772281885	3319,644043
60,40841675	1,854205132	3325,763916
60,51044846	1,953559756	3331,886475
60,61241531	2,039361715	3338,003174
60,71443176	2,092355967	3344,125977
60,81639481	2,157898903	3350,241211
60,91835785	2,243800402	3356,361328
61,02029419	2,338530779	3362,47583
61,12236023	2,411779165	3368,600098
61,22432709	2,507154703	3374,716797
61,32636642	2,621483088	3380,838623
61,42838669	2,739537954	3386,96167
61,53045654	2,846638441	3393,086426
61,63238907	2,948158264	3399,201416
61,73446655	3,05088377	3405,327148
61,83639145	3,141951323	3411,441162
61,9383812	3,254481554	3417,561035
62,04037476	3,373794317	3423,682617
62,14252853	3,494805336	3429,810547
62,24455261	3,612227201	3435,932129
62,34669495	3,735528469	3442,059326
62,44871902	3,891012669	3448,181152
62,55067444	4,052544117	3454,296143
62,65261841	4,214151859	3460,416504
62,75465775	4,357622147	3466,536133
62,85660934	4,522993088	3472,654785
62,95859909	4,683833122	3478,772705
63,0606308	4,820086479	3484,893066
63,16256332	4,997599602	3491,011963
63,26459122	5,209784508	3497,134521
63,36667633	5,426692963	3503,256836
63,46874237	5,644320011	3509,383057
63,57076645	5,86951685	3515,504883
63,67271042	6,091786385	3521,62085
63,77474976	6,303426743	3527,742432
63,87683105	6,495427132	3533,868652
63,97874832	6,737950325	3539,981445
64,08071136	6,97657299	3546,103516
64,18264771	7,226744652	3552,216064
64,28466797	7,455890179	3558,338867
64,38665771	7,747060299	3564,457031
64,4886322	8,051671028	3570,57666
64,59066772	8,315342903	3576,69751
64,69275665	8,569191933	3582,824219
64,79476929	8,873752594	3588,943848
64,8968277	9,16951561	3595,067383
64,9987793	9,474751472	3601,18457
65,10081482	9,80188942	3607,307373
65,20281982	10,15571117	3613,427002
65,30473328	10,49115753	3619,543213
65,40689087	10,7935915	3625,670166
65,50881958	11,11013889	3631,787354
65,61087799	11,47508812	3637,909912
65,71282959	11,82237339	3644,030518
65,81489563	12,18743896	3650,15332
65,91692352	12,55696487	3656,273926
66,0189743	12,95477486	3662,397705
66,12098694	13,33473301	3668,519531
66,22304535	13,67149448	3674,638916
66,32491302	14,03338718	3680,754395
66,42687988	14,41967583	3686,869873
66,52883911	14,80649376	3692,989502
66,63085175	15,19783211	3699,108643
66,73282623	15,63110256	3705,228516
66,83477783	16,01533318	3711,343018
66,93682098	16,41467857	3717,467285
67,03879547	16,79475403	3723,586426
67,14073181	17,18973732	3729,702637
67,24278259	17,5991478	3735,825439
67,344841	18,00071526	3741,949219
67,44678497	18,34811401	3748,066162
67,54869843	18,72383499	3754,179199
67,65070343	19,07559586	3760,301514
67,75262451	19,40160561	3766,415771
67,85462952	19,68546486	3772,537842
67,9565506	19,96855354	3778,650879
68,05847931	20,26189613	3784,767822
68,16044617	20,53598785	3790,885498
68,26250458	20,78037262	3797,010498
68,36452484	21,04252052	3803,129395
68,46656036	21,27326202	3809,251709
68,56865692	21,41632843	3815,378906
68,6706543	21,56442642	3821,498779
68,7727356	21,69305801	3827,623779
68,87478638	21,79402924	3833,749756
68,97682953	21,85048866	3839,870117
69,07885742	21,8942585	3845,990723
69,18089294	21,9404335	3852,114258
69,28287506	21,96852684	3858,232422
69,38486481	21,96160126	3864,353516
69,48690033	21,90977669	3870,4729
69,58888245	21,84436607	3876,592773
69,69096375	21,76820946	3882,718506
69,79292297	21,67777824	3888,835693
69,8950882	21,59817696	3894,963867
69,99701691	21,52880669	3901,079102
70,09896851	21,43123436	3907,197021
70,20094299	21,2675209	3913,315674
70,30288696	21,05182838	3919,43042
70,40483093	20,78152657	3925,551514
70,50683594	20,45241928	3931,666992
70,60876465	20,08399582	3937,785889
70,71076965	19,68511391	3943,904541
70,81275177	19,27395058	3950,026367
70,91478729	18,8194046	3956,148193
71,01683807	18,33572006	3962,269775
71,11882782	17,83814049	3968,38916
71,22084045	17,31976891	3974,509766
71,32280731	16,79771805	3980,627197
71,42485809	16,27682304	3986,751465
71,52688599	15,71314335	3992,873291
71,62892914	15,13729286	3998,995117
71,73083496	14,53627872	4005,109131
71,83283997	13,92777157	4011,229492
71,93482971	13,2991991	4017,351563
72,03691864	12,64767838	4023,475586
72,13890076	11,98021603	4029,592285
72,24095917	11,36450577	4035,715088
72,34289551	10,6405077	4041,834473
72,44503021	9,921403885	4047,961914
72,54708099	9,237883568	4054,084229
72,64913177	8,588851929	4060,206055
72,75108337	7,95753479	4066,325439
72,85308075	7,388219833	4072,442627
72,95500946	6,882748604	4078,560059
73,0569458	6,405702114	4084,677246
73,15891266	5,90465641	4090,796875
73,26096344	5,431315422	4096,916504
73,3629837	4,992591381	4103,039063
73,46495819	4,55331707	4109,154785
73,56691742	4,137678623	4115,276855
73,66895294	3,729369402	4121,395996
73,77095795	3,321819305	4127,517578
73,87294006	2,971344233	4133,637695
73,9750061	2,6195755	4139,76123
74,07702637	2,270385027	4145,881348
74,1789093	1,957108855	4151,994141
74,28102875	1,682543159	4158,122559
74,38302612	1,363755345	4164,241211
74,48506165	1,092998862	4170,362793
74,58699799	0,847655416	4176,479004
74,68907928	0,619218349	4182,605469
74,79113007	0,433605462	4188,728027
74,89306641	0,210845575	4194,844727
74,99499512	-0,004574259	4200,959961
75,09694672	-0,210616618	4207,07666
75,19906616	-0,375003219	4213,202637
75,30106354	-0,512253046	4219,324707
75,40302277	-0,644144893	4225,44043
75,5051651	-0,729224384	4231,569824
75,6071167	-0,805001795	4237,686035
75,70911407	-0,844910324	4243,806641
75,81110382	-0,856572449	4249,927734
75,91312408	-0,869275033	4256,048828
76,01511383	-0,872308969	4262,168457
76,11714172	-0,84727627	4268,291992
76,21910095	-0,830181599	4274,405762
76,32102203	-0,802241266	4280,522461
76,42301178	-0,774919689	4286,64502
76,52496338	-0,768846333	4292,76123
76,62703705	-0,741635382	4298,885254
76,72909546	-0,720073938	4305,005371
76,83094788	-0,695954025	4311,120605
76,93292236	-0,669279099	4317,239746
77,03492737	-0,651608407	4323,363281
77,13698578	-0,639961302	4329,483398
77,23899841	-0,634039879	4335,60498
77,34101868	-0,634115219	4341,727539
77,44304657	-0,632359624	4347,848145
77,54509735	-0,623510182	4353,971191
77,64710236	-0,613279879	4360,093262
77,74919128	-0,604612291	4366,21875
77,85114288	-0,599126697	4372,333496
77,95311737	-0,595274508	4378,453125
78,05509949	-0,590088069	4384,572754
78,15717316	-0,585081697	4390,696289
78,25928497	-0,58399421	4396,82373
78,36131287	-0,579315245	4402,945801
78,4633255	-0,572827995	4409,068359
78,56529999	-0,566620529	4415,185059
78,66728973	-0,564520061	4421,304199
78,76925659	-0,560535729	4427,421387
78,87119293	-0,548967659	4433,539063
78,97315979	-0,53765589	4439,657227
79,07516479	-0,522998989	4445,775879
79,17705536	-0,512712359	4451,889648
79,27901459	-0,486235619	4458,009277
79,38101959	-0,462760657	4464,127441
79,48300934	-0,443185836	4470,249023
79,58496094	-0,422506303	4476,365234
79,6870575	-0,401066333	4482,492188
79,78903198	-0,387114286	4488,609375
79,89104462	-0,36640054	4494,72998
79,99301147	-0,333090633	4500,848633
80,09503937	-0,295285851	4506,969238
80,19707489	-0,262809277	4513,09082
80,29903412	-0,244729802	4519,208984
80,4010849	-0,220460281	4525,334961
80,5030365	-0,192111999	4531,449219
80,60516357	-0,173279852	4537,577148
80,70724487	-0,131103948	4543,70166
80,80911255	-0,090683982	4549,813965
80,91114807	-0,062312234	4555,936523
81,01321411	-0,041996337	4562,058105
81,11515808	-0,029847827	4568,176758
81,21711731	-0,021662589	4574,293457
81,31905365	-0,013883756	4580,409668
81,42100525	0,008336075	4586,525879
81,52298737	0,033340678	4592,645508
81,62489319	0,067560099	4598,760254
81,72705841	0,096732631	4604,888672
81,82900238	0,114043958	4611,006836
81,93097687	0,130968198	4617,125488
82,03301239	0,138220251	4623,24707
82,13507843	0,1450589	4629,370605
82,23712921	0,15226841	4635,491211
82,33905029	0,165864483	4641,609863
82,44100189	0,189800993	4647,726074
82,5430603	0,205172777	4653,851563
82,64510345	0,224946618	4659,974609
82,74710083	0,25209868	4666,090332
82,84900665	0,291833341	4672,205566
82,95102692	0,315532655	4678,328125
83,05302429	0,364934117	4684,448242
83,15506744	0,419376463	4690,571777
83,25714111	0,471060872	4696,695801
83,35917664	0,50804466	4702,81543
83,46116638	0,53037411	4708,935547
83,56321716	0,56382066	4715,058594
83,66512299	0,613543093	4721,173828
83,76708221	0,658204973	4727,288574
83,86901855	0,695314348	4733,404297
83,97106171	0,749282598	4739,529297
84,07315826	0,814754128	4745,655762
84,17527771	0,856601417	4751,781738
84,27731323	0,900540411	4757,90332
84,37936401	0,925710082	4764,02832
84,48136902	0,94455868	4770,147461
84,58346558	0,950570464	4776,271484
84,68547058	0,976554036	4782,394531
84,78752899	1,024080634	4788,518066
84,88954926	1,059756398	4794,637695
84,991539	1,073486567	4800,757813
85,09354401	1,087460518	4806,879883
85,19565582	1,111233473	4813,006348
85,29776764	1,135116577	4819,130859
85,39981079	1,154852986	4825,251465
85,5017395	1,165114284	4831,369629
85,60375977	1,173467636	4837,491211
85,70572662	1,179569006	4843,609375
85,8077774	1,192178845	4849,733398
85,90975189	1,207389832	4855,850586
86,01173401	1,252263784	4861,972168
86,11373138	1,316101789	4868,087402
86,21565247	1,367159128	4874,206543
86,31764984	1,430748582	4880,32373
86,4196167	1,47441113	4886,442383
86,52158356	1,504816771	4892,560547
86,62358856	1,536656618	4898,680664
86,72553253	1,591343164	4904,799316
86,82749939	1,634008408	4910,916504
86,92969513	1,656752229	4917,046875
87,03174591	1,680642843	4923,169922
87,13366699	1,719221115	4929,285645
87,23571014	1,756766677	4935,407715
87,33765411	1,780222654	4941,522461
87,43961334	1,822362304	4947,643555
87,54162598	1,869834185	4953,76123
87,64372253	1,911189437	4959,889648
87,74568176	1,928351998	4966,005371
87,8476944	1,944771886	4972,126465
87,949646	1,956151485	4978,243652
88,05171204	1,983897924	4984,368652
88,15367126	1,988883853	4990,483398
88,25561523	2,014588594	4996,602051
88,35766602	2,038128614	5002,724609
88,45962524	2,068167925	5008,842773
88,56155396	2,084975004	5014,958008
88,66368103	2,079817295	5021,087402
88,76565552	2,072715044	5027,205566
88,8677063	2,068220854	5033,329102
88,96967316	2,067812204	5039,445313
89,0717926	2,081739664	5045,572754
89,17383575	2,095179558	5051,696777
89,27597809	2,105326176	5057,824219
89,37794495	2,114632607	5063,943359
89,47999573	2,127912283	5070,064941
89,58197784	2,138391018	5076,18457
89,68403625	2,141921759	5082,307129
89,78596497	2,162972212	5088,422363
89,88809967	2,167880297	5094,55127
89,9900589	2,16601944	5100,667969
90,09210968	2,16416502	5106,790527
90,19410706	2,16197443	5112,913574
90,29618835	2,159634829	5119,037109
90,39813232	2,16031909	5125,152832
90,50009918	2,163900614	5131,272949
90,60209656	2,165262222	5137,393066
90,70424652	2,169635057	5143,520508
90,80625916	2,194110394	5149,639648
90,9082489	2,199634552	5155,761719
91,01023865	2,201475382	5161,879883
91,11218262	2,190240383	5167,999512
91,21416473	2,174780846	5174,11377
91,31617737	2,163885117	5180,236816
91,4181366	2,159819841	5186,353027
91,52019501	2,152889967	5192,476074
91,62225342	2,145101786	5198,599609
91,72418213	2,138793468	5204,716797
91,82615662	2,135079145	5210,837402
91,92819977	2,131121874	5216,960449
92,03018188	2,124850512	5223,075195
92,13210297	2,119076014	5229,191406
92,23402405	2,115742207	5235,308594
92,33602142	2,110020161	5241,427734
92,43804932	2,10349369	5247,54834
92,54003143	2,104665995	5253,665527
92,64200592	2,107511997	5259,787109
92,74401093	2,104713678	5265,907227
92,84604645	2,092993975	5272,030762
92,94819641	2,086858273	5278,157715
93,0501709	2,07867527	5284,275879
93,15222931	2,058791876	5290,399902
93,25426483	2,039353609	5296,522949
93,35633087	2,025231838	5302,646484
93,45842743	2,001785517	5308,770508
93,5604248	1,969140649	5314,890137
93,66246796	1,944908142	5321,014648
93,76439667	1,910625458	5327,128418
93,86643982	1,877099156	5333,252441
93,96842957	1,843687296	5339,37207
94,07035065	1,815061212	5345,487305
94,17234802	1,791643858	5351,606445
94,27431488	1,762030602	5357,724609
94,37641144	1,730029464	5363,850586
94,47834778	1,708331466	5369,965332
94,58030701	1,687958717	5376,084473
94,68229675	1,651801586	5382,202148
94,78417969	1,620779634	5388,317383
94,88617706	1,603826523	5394,437988
94,98810577	1,58375001	5400,553223
95,09012604	1,546922803	5406,674316
95,19219971	1,502794027	5412,799805
95,29417419	1,470846653	5418,916992
95,39609528	1,443443656	5425,032715
95,49809265	1,414483428	5431,15332
95,60018921	1,370599985	5437,278809
95,70223999	1,345258355	5443,399902
95,80427551	1,328257203	5449,523926
95,90634918	1,30377841	5455,646973
96,00836945	1,263338208	5461,769531
96,11044312	1,220829844	5467,893066
96,21247864	1,167254686	5474,01709
96,31447601	1,109920621	5480,135254
96,41642761	1,07175374	5486,252441
96,51854706	1,026784539	5492,379395
96,6204834	0,968535244	5498,496094
96,7225647	0,928483784	5504,621094
96,82450867	0,903672576	5510,738281
96,92654419	0,897630095	5516,858887
97,02858734	0,874287486	5522,984375
97,13053894	0,828720391	5529,100098
97,23260498	0,804350138	5535,223633
97,33455658	0,788886726	5541,339844
97,43649292	0,759279191	5547,45459
97,53852844	0,710923254	5553,578613
97,64053345	0,658924937	5559,699707
97,74247742	0,608463883	5565,814941
97,8445282	0,560493886	5571,937988
97,9465332	0,527575374	5578,05957
98,04851532	0,515572309	5584,177246
98,15060425	0,485886484	5590,302246
98,25262451	0,441928983	5596,423828
98,3546524	0,393948585	5602,543945
98,45671844	0,364202946	5608,66748
98,55864716	0,343922734	5614,787598
98,66082764	0,313795388	5620,916992
98,76295471	0,292899489	5627,044434
98,86502075	0,281047821	5633,167969
98,96708679	0,274857491	5639,290527
99,06917572	0,261382818	5645,418945
99,17115784	0,241083041	5651,536133
99,27309418	0,219635949	5657,652832
99,37508392	0,199996501	5663,771973
99,47721863	0,182390347	5669,899902
99,57914734	0,186227143	5676,016113
99,68108368	0,193390518	5682,133301
99,78314209	0,185103759	5688,257324
99,88507843	0,183981404	5694,371094
99,98713684	0,186968461	5700,496582
