scan 805/12/202208:57:21		
temp(degC)	power	time(seconds)
99,8653183	-568,1655884	7,138521194
99,75885773	-530,5594482	13,25568867
99,65712738	-418,7807312	19,38062477
99,55582428	-335,2290344	25,50891495
99,45478058	-268,4440002	31,63020515
99,3538208	-209,024353	37,75455093
99,25288391	-155,6370392	43,87726974
99,15205383	-109,1061478	49,99536133
99,05118561	-69,9467926	56,11403656
98,95024872	-38,03461075	62,23528671
98,84938049	-12,73396873	68,35145569
98,74839783	6,867763519	74,47554779
98,64738464	21,61806297	80,5970993
98,54637909	32,47677994	86,71990967
98,44529724	40,28243637	92,84458923
98,3441925	45,69323349	98,97007751
98,2430191	49,2333107	105,0956802
98,14199066	51,31958008	111,2130966
98,04076385	52,36450958	117,3412094
97,93962097	52,61809158	123,4585724
97,83840942	52,27540207	129,5814514
97,73719788	51,56809616	135,7029419
97,63587952	50,58243179	141,8277435
97,53452301	49,37522125	147,951416
97,4332428	48,04397202	154,0724182
97,33197021	46,66709518	160,1905212
97,23053741	45,29644012	166,3166351
97,1292038	43,89698792	172,4369202
97,02783203	42,49952698	178,5555573
96,92652893	41,1464386	184,6718292
96,82507324	39,88424683	190,7932739
96,72358704	38,75970078	196,9182281
96,62208557	37,72199631	203,0389404
96,52057648	36,77505493	209,1625824
96,41914368	36,0302124	215,2785492
96,31758118	35,42765808	221,4035187
96,21601105	34,71165848	227,5280304
96,11441803	33,87276077	233,6516113
96,01291656	32,97735214	239,7653503
95,9114151	32,09754181	245,8850098
95,80973053	31,2181778	252,0119171
95,70819092	30,37994003	258,1268616
95,60662079	29,58976173	264,2451477
95,50498199	28,84172058	270,3678284
95,40335083	28,0897274	276,4884644
95,30171967	27,37243462	282,6079712
95,20008087	26,71291351	288,7263794
95,09835815	26,07944298	294,8513489
94,9966507	25,38333702	300,9707642
94,89497375	24,69389915	307,0912476
94,79331207	24,10527039	313,2084045
94,69161987	23,60923195	319,3286133
94,58990479	23,15511703	325,4497986
94,48832703	22,71628189	331,5603638
94,38665771	22,27050018	337,6748352
94,28500366	21,84105873	343,7912598
94,18312073	21,45481873	349,9182129
94,08146667	21,0983696	356,0343323
93,9797287	20,7329483	362,1480713
93,87799072	20,35746765	368,2702026
93,77619934	19,99293327	374,390686
93,67434692	19,68852615	380,5131226
93,57260895	19,39570808	386,6320801
93,4707489	19,12807655	392,7545471
93,36890411	18,89634323	398,8771667
93,26700592	18,67072487	404,9999084
93,16520691	18,43904686	411,1213989
93,06329346	18,19532394	417,2453003
92,9615097	17,9677887	423,3613892
92,85970306	17,73831749	429,4788208
92,75782013	17,51711273	435,6001587
92,65602875	17,27848434	441,7218018
92,55414581	17,02946472	447,8425293
92,45220184	16,82682037	453,9663696
92,35042572	16,6166172	460,0825195
92,24859619	16,41024017	466,198761
92,14678955	16,21717453	472,3145752
92,04502106	16,0510273	478,428833
91,9432373	15,91164589	484,54245
91,84127808	15,79903221	490,6694031
91,73938751	15,70489502	496,7881165
91,63748932	15,59564781	502,9085999
91,53565216	15,4569664	509,0247192
91,43373108	15,26992035	515,1460571
91,3317337	15,120121	521,2700806
91,22991943	15,00476837	527,3879395
91,12796021	14,86179161	533,5088501
91,02607727	14,74856853	539,6309204
90,92417908	14,62053871	545,7459106
90,82236481	14,49334526	551,8618774
90,72035217	14,379076	557,9887695
90,61837769	14,26891994	564,1116943
90,51646423	14,15380573	570,2311401
90,41449738	14,04939365	576,3540649
90,31251526	13,95345306	582,4771118
90,21053314	13,83324432	588,5980835
90,10852051	13,7300539	594,72229
90,00653839	13,63417721	600,8463135
89,90455627	13,50788021	606,9677124
89,80258942	13,4233284	613,0913696
89,70066833	13,36636543	619,2099609
89,59873962	13,28643799	625,3292847
89,49674988	13,20514965	631,4507446
89,39466095	13,12885284	637,5779419
89,29285431	13,05934238	643,6908569
89,19086456	12,97758961	649,8121338
89,08894348	12,8993454	655,9319458
88,98686981	12,83420563	662,0593872
88,88495636	12,77842426	668,1755981
88,78312683	12,68679619	674,2859497
88,68123627	12,59017563	680,4051514
88,57928467	12,50534058	686,5219116
88,47728729	12,4136343	692,6454468
88,37539673	12,30948448	698,7600708
88,27340698	12,23087788	704,8829346
88,17144775	12,16776562	711,0013428
88,06945038	12,08629036	717,1237793
87,96750641	12,01155853	723,2436523
87,86560822	11,93483543	729,3586426
87,76356506	11,88692284	735,4823608
87,66165924	11,79798508	741,5982666
87,55975342	11,67810726	747,7165527
87,45774841	11,57964802	753,8383789
87,35578156	11,49282551	759,9555664
87,25386047	11,41247368	766,0739746
87,15184784	11,36932278	772,1964111
87,04981995	11,30152893	778,3190308
86,94785309	11,21674156	784,4378052
86,8459549	11,11114216	790,5541992
86,74401093	11,00908947	796,6687012
86,64199066	10,9368372	802,7928467
86,54008484	10,86849499	808,9087524
86,43807983	10,8241024	815,0307617
86,33618927	10,77320576	821,1442261
86,23425293	10,71854591	827,2630615
86,13222504	10,64788628	833,3842773
86,03027344	10,55508327	839,5025635
85,92831421	10,4879446	845,6235352
85,82623291	10,43735504	851,7481689
85,72419739	10,3914566	857,8709106
85,62228394	10,32096004	863,9884033
85,52023315	10,25339508	870,1109619
85,41835785	10,18319988	876,2225342
85,31635284	10,12569618	882,3464966
85,21443939	10,07146168	888,4627075
85,11238098	9,994393349	894,5841064
85,0104599	9,942225456	900,7015381
84,90840149	9,893482208	906,8264771
84,80644226	9,828103065	912,9435425
84,70442963	9,772834778	919,0656738
84,6024704	9,717198372	925,1824951
84,5003891	9,652089119	931,3095703
84,39842987	9,587649345	937,4279785
84,29646301	9,517036438	943,5430298
84,19451904	9,475337029	949,663208
84,09248352	9,423341751	955,7878418
83,99044037	9,35656929	961,9111938
83,88833618	9,296474457	968,0351563
83,78639984	9,250642776	974,1533203
83,68441772	9,186821938	980,2717896
83,58241272	9,131545067	986,3930664
83,48035431	9,080958366	992,5178223
83,37828827	9,025669098	998,6421509
83,27635193	8,963478088	1004,755981
83,17436981	8,912612915	1010,878784
83,072258	8,859323502	1017,005005
82,9702301	8,805526733	1023,125488
82,86829376	8,746278763	1029,24353
82,76622772	8,690542221	1035,368652
82,66426086	8,645792961	1041,484619
82,56233978	8,591917038	1047,601074
82,4604187	8,544789314	1053,71814
82,35855865	8,494234085	1059,828491
82,25657654	8,442138672	1065,949829
82,15464783	8,370926857	1072,064331
82,05255127	8,298232079	1078,192383
81,9504776	8,250359535	1084,314941
81,84848785	8,206700325	1090,434692
81,7464447	8,146253586	1096,55603
81,64453888	8,082819939	1102,673828
81,54257202	8,023540497	1108,790039
81,44055939	7,988857746	1114,9104
81,33867645	7,934052467	1121,024658
81,23673248	7,89212513	1127,140137
81,1348877	7,834984779	1133,253174
81,0329361	7,769347191	1139,370972
80,9309845	7,702207565	1145,486206
80,82899475	7,64413166	1151,606934
80,72698212	7,594168663	1157,727417
80,62493896	7,532617092	1163,847778
80,52287292	7,452339172	1169,973877
80,42089844	7,391212463	1176,09729
80,31886292	7,348742485	1182,21521
80,21675873	7,298882484	1188,342285
80,11470032	7,227344513	1194,463623
80,01274872	7,156341076	1200,583618
79,91070557	7,108832359	1206,705566
79,80865479	7,051302433	1212,826538
79,70671082	6,995048046	1218,947632
79,60471344	6,921604156	1225,066528
79,50269318	6,859696865	1231,186035
79,40066528	6,80155611	1237,310181
79,29869843	6,740671635	1243,425171
79,19665527	6,684695721	1249,549438
79,09461975	6,619848728	1255,671753
78,99256897	6,537920475	1261,794434
78,89053345	6,466749191	1267,915771
78,7884903	6,399809837	1274,039917
78,68643951	6,344255447	1280,16394
78,58448792	6,285777569	1286,280762
78,48232269	6,213686466	1292,411377
78,38022614	6,147651196	1298,537476
78,27823639	6,063865662	1304,655396
78,1762085	5,978078842	1310,777832
78,07424164	5,909462929	1316,89563
77,9721756	5,842067242	1323,019409
77,87021637	5,768644333	1329,136963
77,76819611	5,710364819	1335,257446
77,66628265	5,651926517	1341,373535
77,56429291	5,570958614	1347,492676
77,46231842	5,477842331	1353,610229
77,36037445	5,366771698	1359,727295
77,25843811	5,26959753	1365,843262
77,15647125	5,181975365	1371,963623
77,05439758	5,094513893	1378,084351
76,95240784	5,001956463	1384,206055
76,85041809	4,906783104	1390,324585
76,74837494	4,795319557	1396,447266
76,6464386	4,667656898	1402,564087
76,54445648	4,550819874	1408,683838
76,44235229	4,433555603	1414,806641
76,34046936	4,322120667	1420,92041
76,23838043	4,199194431	1427,050415
76,13629913	4,066377163	1433,173706
76,03422546	3,937601328	1439,296509
75,93218994	3,790808678	1445,418579
75,83023071	3,624760151	1451,536499
75,72828674	3,480868578	1457,654541
75,62623596	3,324108839	1463,778198
75,52423096	3,164237261	1469,895874
75,42218781	2,983994961	1476,019531
75,3201828	2,819054127	1482,140747
75,2181015	2,634818316	1488,26416
75,11619568	2,408406734	1494,380249
75,01409912	2,21104598	1500,505981
74,9120636	2,023036242	1506,624634
74,80999756	1,816598535	1512,750732
74,70796967	1,613862753	1518,87146
74,60592651	1,389973879	1524,994141
74,50396729	1,151380777	1531,111084
74,40190887	0,905906081	1537,235962
74,29995728	0,628995299	1543,352173
74,19802094	0,360398799	1549,468262
74,09596252	0,065629855	1555,592407
73,99395752	-0,250120163	1561,71167
73,89186859	-0,549672723	1567,836304
73,78992462	-0,868992507	1573,956421
73,68790436	-1,181853175	1580,076782
73,58582306	-1,52947104	1586,200317
73,48376465	-1,876028538	1592,324463
73,38178253	-2,212634325	1598,443848
73,27975464	-2,59206748	1604,564331
73,17781067	-2,943588972	1610,681763
73,0758667	-3,297605038	1616,79895
72,97389221	-3,65588522	1622,915894
72,8718338	-4,081783295	1629,039795
72,76970673	-4,498876095	1635,168091
72,66769409	-4,924321175	1641,289551
72,56565094	-5,364053249	1647,411499
72,46364594	-5,77685976	1653,532349
72,36170197	-6,229437828	1659,647461
72,25976563	-6,680737495	1665,764038
72,15775299	-7,109260082	1671,883423
72,05570984	-7,56530714	1678,006348
71,9536972	-8,035307884	1684,12915
71,85165405	-8,479664803	1690,251709
71,74967194	-8,930253029	1696,371582
71,64764404	-9,393824577	1702,489624
71,54564667	-9,849286079	1708,611328
71,44374847	-10,33214188	1714,723755
71,34170532	-10,75985622	1720,847656
71,23964691	-11,20858669	1726,971924
71,13756561	-11,65035534	1733,0979
71,03535461	-12,02292347	1739,227173
70,93340302	-12,41291714	1745,344482
70,83143616	-12,81719971	1751,463745
70,72948456	-13,20895672	1757,578857
70,62751007	-13,55882263	1763,699097
70,52535248	-13,87302017	1769,82605
70,42336273	-14,19487762	1775,948242
70,32125092	-14,4703083	1782,076904
70,21905518	-14,7241354	1788,207275
70,11700439	-14,97265339	1794,331055
70,0149765	-15,16719723	1800,452271
69,91299438	-15,34245682	1806,56958
69,81104279	-15,48170662	1812,684692
69,70911407	-15,57953835	1818,803955
69,60710144	-15,68061352	1824,923584
69,50508118	-15,77694988	1831,043457
69,40304565	-15,8187027	1837,166992
69,30106354	-15,83139706	1843,283813
69,19909668	-15,81518364	1849,40564
69,09711456	-15,77876568	1855,522949
68,99519348	-15,72635555	1861,636963
68,89330292	-15,65580559	1867,751953
68,79134369	-15,57749081	1873,870117
68,68929291	-15,49395943	1879,991577
68,58731842	-15,41565323	1886,110107
68,48532104	-15,35488892	1892,23291
68,38333893	-15,26555443	1898,350098
68,28130341	-15,12602901	1904,470581
68,17926788	-14,95432281	1910,593384
68,07727814	-14,73515892	1916,713623
67,97525024	-14,46948433	1922,837036
67,87319183	-14,1751585	1928,960327
67,7712326	-13,83959961	1935,076904
67,66928101	-13,48307896	1941,192261
67,56732941	-13,12639904	1947,311401
67,46533203	-12,77738667	1953,428101
67,36335754	-12,41675282	1959,54895
67,2612915	-12,01235676	1965,671875
67,15933228	-11,61484623	1971,78894
67,05729675	-11,21411228	1977,911743
66,95527649	-10,83113384	1984,032959
66,85326385	-10,39611626	1990,154785
66,75112915	-9,965514183	1996,279541
66,64916229	-9,589900017	2002,401611
66,54718018	-9,211749077	2008,516235
66,44512939	-8,843364716	2014,641479
66,34320068	-8,456564903	2020,75769
66,24103546	-8,059185982	2026,889404
66,13903046	-7,681236267	2033,007324
66,03704834	-7,29865694	2039,125977
65,93511963	-6,911650181	2045,241699
65,83308411	-6,549369812	2051,365234
65,73099518	-6,191550732	2057,491699
65,62884521	-5,847115993	2063,621094
65,52675629	-5,462497234	2069,746094
65,4247818	-5,109630585	2075,863525
65,32284546	-4,768521786	2081,978516
65,22087097	-4,466964722	2088,100098
65,11891937	-4,161092281	2094,215332
65,01680756	-3,866835117	2100,344727
64,91475677	-3,589624882	2106,463867
64,81265259	-3,312845707	2112,591064
64,7105484	-3,002492189	2118,717041
64,60857391	-2,736566782	2124,83667
64,50653076	-2,457402468	2130,959473
64,40450287	-2,184676409	2137,082031
64,30250549	-1,932678819	2143,200195
64,2004776	-1,720173955	2149,322266
64,09840393	-1,518519759	2155,447266
63,99639511	-1,35039711	2161,564941
63,89444351	-1,153980732	2167,685059
63,79233551	-0,950376987	2173,811035
63,69045639	-0,74623549	2179,92334
63,58834839	-0,555725574	2186,049561
63,48636246	-0,390390426	2192,166748
63,38438034	-0,255799502	2198,287354
63,28237152	-0,12241713	2204,407959
63,18031311	0,045881849	2210,531738
63,07821655	0,196539506	2216,655518
62,97624207	0,346959025	2222,777344
62,87425232	0,461502105	2228,895508
62,77217865	0,571173489	2235,019287
62,67019272	0,689700067	2241,138916
62,56815338	0,799962401	2247,259277
62,46620178	0,905679286	2253,376709
62,36428452	1,03036499	2259,492676
62,26223755	1,142190576	2265,614502
62,16017532	1,265018702	2271,739502
62,05818558	1,360906601	2277,858887
61,95610809	1,451031089	2283,981201
61,85419083	1,500170469	2290,0979
61,75227737	1,564370632	2296,214111
61,65029144	1,641339421	2302,333252
61,54832458	1,70935905	2308,449463
61,44641113	1,761580348	2314,564209
61,34436417	1,808205485	2320,687256
61,24239349	1,853353977	2326,806885
61,14045715	1,89833796	2332,922607
61,03849411	1,933916211	2339,041016
60,93643951	1,981174469	2345,161377
60,83441544	2,024799109	2351,28418
60,73243332	2,061306477	2357,403564
60,63049698	2,09020257	2363,52002
60,52855301	2,104831219	2369,634521
60,42647934	2,11689043	2375,76001
60,32447433	2,137531996	2381,881592
60,22245789	2,151031017	2388,000732
60,12034225	2,167056322	2394,12915
60,01836777	2,183541536	2400,24707
59,91633987	2,198371172	2406,369385
59,81425095	2,215605497	2412,493896
59,71221924	2,241141319	2418,615479
59,6102562	2,253374577	2424,73291
59,50826645	2,258942842	2430,852051
59,40628433	2,270366192	2436,971924
59,30423737	2,29978776	2443,096191
59,20236969	2,324333668	2449,207764
59,10041428	2,349161863	2455,322266
58,9984436	2,371989727	2461,444336
58,89630508	2,405559778	2467,571289
58,7943573	2,427073717	2473,690186
58,69240189	2,435563803	2479,804688
58,59046936	2,458016396	2485,92041
58,48832703	2,494647503	2492,048828
58,38637161	2,525248289	2498,166016
58,28430557	2,561432838	2504,288818
58,18235779	2,606468201	2510,408203
58,08030701	2,641909838	2516,530029
57,97826385	2,660882711	2522,652588
57,87628174	2,68211937	2528,77124
57,77423477	2,706524134	2534,894775
57,6722641	2,72926259	2541,010986
57,57020569	2,751473665	2547,136719
57,4682045	2,784253359	2553,255127
57,36626816	2,821970701	2559,373047
57,26420212	2,856922626	2565,496582
57,16218948	2,877214432	2571,618164
57,06015778	2,889971256	2577,738281
56,95808029	2,918557167	2583,86377
56,85613632	2,944704294	2589,98291
56,75416565	2,968693018	2596,098877
56,65210724	3,000346422	2602,223145
56,55015564	3,036195993	2608,337646
56,44827652	3,059543371	2614,450684
56,34634399	3,077804089	2620,569336
56,24438858	3,094916821	2626,686035
56,14224625	3,122505188	2632,811523
56,04040909	3,156812906	2638,924072
55,93844604	3,175660849	2645,04248
55,83646011	3,199745655	2651,160645
55,73449326	3,232476711	2657,279297
55,63247681	3,252815008	2663,400391
55,53051758	3,266121626	2669,516602
55,42853546	3,293030739	2675,637207
55,32653046	3,3177526	2681,755859
55,22455978	3,34203434	2687,876221
55,12260818	3,369873285	2693,990967
55,02067947	3,392509937	2700,108398
54,91871262	3,417729616	2706,226318
54,81668854	3,43546319	2712,348633
54,71469879	3,450850725	2718,465576
54,61270523	3,468241453	2724,588623
54,5107193	3,484108448	2730,704102
54,40875244	3,492286205	2736,825195
54,30679321	3,494686365	2742,939697
54,2048378	3,505710602	2749,057373
54,10290146	3,527334213	2755,17334
54,00094986	3,534488201	2761,291748
53,8989563	3,542486429	2767,411377
53,79698181	3,570212126	2773,5271
53,69509125	3,584504604	2779,644531
53,59314728	3,596459866	2785,759033
53,49108887	3,605929136	2791,883057
53,38911438	3,627989769	2798,000488
53,28721237	3,64767766	2804,117676
53,18527222	3,660465479	2810,233887
53,08321381	3,673667669	2816,357666
52,98123169	3,692375898	2822,474854
52,87921524	3,699534893	2828,596191
52,77724838	3,699256897	2834,716309
52,67520905	3,70267868	2840,835938
52,57323074	3,708569527	2846,955811
52,47140503	3,71257019	2853,06543
52,36945343	3,724893808	2859,183594
52,26747894	3,75092721	2865,300781
52,16542053	3,762581348	2871,425049
52,06337357	3,76519084	2877,547607
51,9614563	3,769094229	2883,663574
51,85937881	3,778851032	2889,786621
51,75727844	3,786526918	2895,915283
51,65530396	3,790539503	2902,030518
51,55325699	3,791964293	2908,154785
51,45127869	3,79807353	2914,273926
51,34915924	3,806952715	2920,400146
51,24712753	3,809012175	2926,520508
51,14516068	3,816002131	2932,642578
51,04304886	3,826155663	2938,766113
50,94113541	3,838788033	2944,881836
50,83909988	3,840415478	2951,005371
50,73714447	3,842525244	2957,123291
50,63510895	3,847362995	2963,243896
50,53314972	3,849256516	2969,362305
50,43112946	3,8489182	2975,483643
50,32910919	3,850307465	2981,604492
50,22719574	3,857188702	2987,717041
50,12524033	3,858598471	2993,835938
50,02328491	3,862461329	2999,953857
49,9213295	3,867431164	3006,067627
49,81940842	3,878469229	3012,186279
49,71733475	3,883464575	3018,308838
49,61539459	3,891530037	3024,42749
49,51339722	3,893494606	3030,54541
49,41148758	3,898160696	3036,661621
49,30951691	3,904315948	3042,778809
49,20755386	3,913091421	3048,897461
49,10562897	3,917572498	3055,011963
49,00366974	3,919330835	3061,133057
48,90164185	3,924576044	3067,250732
48,79978561	3,931209564	3073,36377
48,69781113	3,944122553	3079,481689
48,59567642	3,951046944	3085,610596
48,49372101	3,953834295	3091,727051
48,39171982	3,958985329	3097,847168
48,2896843	3,971731424	3103,969971
48,18774033	3,982724667	3110,084473
48,08573151	3,991393089	3116,20752
47,98374939	3,998036623	3122,327881
47,88165665	4,006980896	3128,450684
47,7796669	4,004596233	3134,571045
47,67760468	4,004099846	3140,696533
47,57566071	4,007005215	3146,811279
47,4736824	4,012972832	3152,929688
47,37176132	4,017488003	3159,046143
47,26972961	4,029326916	3165,168701
47,16768646	4,045145035	3171,289063
47,06564331	4,0553689	3177,413818
46,96357346	4,064631939	3183,535889
46,86164856	4,068820477	3189,653809
46,75945282	4,075164795	3195,785645
46,65750504	4,08011198	3201,900391
46,55550003	4,082481861	3208,022461
46,45351028	4,090437412	3214,139404
46,35142899	4,103266716	3220,265381
46,24940872	4,119273186	3226,387207
46,14743423	4,124274254	3232,504395
46,0454216	4,127412796	3238,62915
45,94337463	4,138028622	3244,749512
45,84141922	4,149134159	3250,864746
45,73944855	4,160296917	3256,985352
45,63747406	4,184686661	3263,104736
45,53544235	4,197524071	3269,223145
45,43342209	4,20045042	3275,347168
45,33149338	4,199569225	3281,461182
45,22946548	4,213177204	3287,58374
45,12742996	4,227870464	3293,705322
45,0253334	4,233196735	3299,832764
44,92330551	4,247008324	3305,95166
44,82127762	4,264043331	3312,075439
44,71936417	4,280642986	3318,188477
44,61738205	4,288998604	3324,30957
44,51540756	4,295491219	3330,424072
44,41339111	4,302090168	3336,547852
44,3114357	4,305084229	3342,663818
44,20938873	4,312914371	3348,787109
44,10739517	4,327365398	3354,908691
44,0053215	4,348872662	3361,03125
43,90334702	4,359353542	3367,148438
43,8013649	4,36884594	3373,269043
43,69932175	4,378276825	3379,389404
43,59749222	4,384821415	3385,498535
43,49550247	4,403160572	3391,620361
43,39358521	4,423677921	3397,734131
43,2916069	4,43987751	3403,852295
43,18956375	4,44712925	3409,976807
43,08753204	4,450452328	3416,099365
42,98550797	4,458148479	3422,221191
42,8833847	4,469120502	3428,348633
42,78128815	4,484816074	3434,473145
42,67922974	4,505488873	3440,597412
42,5772934	4,517967701	3446,713135
42,47521591	4,531645775	3452,83667
42,37326813	4,546656132	3458,955322
42,27129364	4,559382915	3465,07251
42,16935349	4,571259975	3471,189697
42,06731796	4,579097271	3477,310547
41,9653244	4,590740204	3483,429932
41,86339569	4,597342968	3489,545898
41,76141357	4,609875679	3495,66626
41,6594162	4,620788097	3501,783691
41,55747223	4,623718739	3507,901855
41,45550156	4,635118008	3514,020264
41,35356903	4,647084713	3520,135254
41,25143051	4,659265995	3526,265625
41,14945602	4,676707745	3532,383057
41,04738235	4,689590454	3538,508789
40,9454689	4,698676109	3544,622803
40,84345627	4,714579582	3550,743652
40,74137497	4,726035595	3556,87085
40,63933563	4,733120441	3562,991211
40,53728867	4,749010563	3569,111572
40,43529892	4,764126778	3575,233643
40,33333588	4,785462379	3581,351563
40,23126984	4,802685261	3587,475586
40,12927246	4,815209866	3593,592773
40,02732086	4,823829174	3599,710938
39,92533493	4,836829185	3605,830811
39,82341385	4,847987652	3611,945557
39,72146988	4,85654974	3618,062988
39,6194458	4,86085844	3624,186523
39,5174675	4,879219055	3630,30542
39,41543579	4,898375511	3636,426514
39,31344986	4,924852848	3642,543701
39,21150208	4,936607361	3648,659668
39,10956192	4,934682369	3654,779541
39,00754166	4,938827038	3660,897461
38,90546417	4,95535326	3667,023682
38,80341339	4,979170322	3673,147461
38,70138168	5,006644726	3679,269287
38,59930038	5,032812119	3685,395508
38,49729156	5,054715157	3691,513672
38,39524841	5,057492733	3697,637207
38,29319382	5,055533409	3703,76001
38,19120789	5,053748131	3709,878662
38,08917236	5,057971001	3716
37,98710251	5,06137085	3722,124023
37,88516617	5,069850922	3728,241455
37,78318405	5,074440956	3734,361328
37,68124771	5,089262486	3740,47583
37,57931137	5,105706215	3746,592041
37,47742844	5,128790379	3752,707031
37,37541199	5,153193474	3758,828613
37,27345276	5,179633617	3764,944092
37,17148972	5,194404125	3771,061768
37,06954193	5,20154047	3777,180176
36,96751022	5,209680557	3783,302246
36,86541367	5,214987755	3789,429199
36,76337433	5,226751328	3795,54834
36,66142654	5,234446049	3801,664551
36,55949783	5,250212193	3807,780762
36,45745087	5,263554573	3813,904541
36,3553772	5,278515339	3820,031494
36,25334549	5,29113102	3826,150146
36,15141678	5,303152561	3832,267822
36,04948044	5,305638313	3838,383301
35,94760895	5,320183754	3844,496094
35,8455925	5,340385437	3850,616943
35,74359512	5,355550766	3856,737305
35,64157867	5,373845577	3862,857666
35,5394516	5,393696308	3868,987061
35,43744278	5,403559685	3875,105469
35,33541107	5,415120125	3881,22876
35,23340607	5,419389248	3887,347656
35,13148499	5,429100513	3893,464111
35,02944946	5,438987732	3899,584229
34,92751694	5,453797817	3905,701904
34,82553864	5,462482929	3911,818359
34,72350311	5,475466728	3917,942871
34,621521	5,490184784	3924,061035
34,51956177	5,502630711	3930,177979
34,41772461	5,50992775	3936,287598
34,31568146	5,519505024	3942,412598
34,21368408	5,529786587	3948,529785
34,11158371	5,539982796	3954,656738
34,00959778	5,554147243	3960,775391
33,9076767	5,572469711	3966,891113
33,80561447	5,595288277	3973,01416
33,70367813	5,605590343	3979,131592
33,60163116	5,613276482	3985,252686
33,49957275	5,620579243	3991,377686
33,39753342	5,629161835	3997,501221
33,2955513	5,643198013	4003,618896
33,19363022	5,656282902	4009,735107
33,09158325	5,66987896	4015,85791
32,98964691	5,686446667	4021,975098
32,88757706	5,687992573	4028,098145
32,78553391	5,693962097	4034,220703
32,68367767	5,708883762	4040,332275
32,58184433	5,722666264	4046,440674
32,47991943	5,73205328	4052,558594
32,37801743	5,742655277	4058,670898
32,27602386	5,762522221	4064,791748
32,1739769	5,773876667	4070,914063
32,07213211	5,790459633	4077,023438
31,97007942	5,807156086	4083,144775
31,86810684	5,826250076	4089,268555
31,76602364	5,85150671	4095,391846
31,66392326	5,866743565	4101,519043
31,56189537	5,886996269	4107,636719
31,45983124	5,905735493	4113,763184
31,35780716	5,909822941	4119,883789
31,25583458	5,918126583	4126,004395
31,15380669	5,931499958	4132,124512
31,05182457	5,951555252	4138,243164
30,94980049	5,964485645	4144,36377
30,84774971	5,982553005	4150,487305
30,74580574	6,001665592	4156,602539
30,6438694	6,006309509	4162,720703
30,54193687	6,015192986	4168,836914
30,43995667	6,029267788	4174,956543
30,33789253	6,040943623	4181,077637
30,23591232	6,048752308	4187,197266
30,13389015	6,052438736	4193,321289
30,03183746	6,064213753	4199,444824
29,92980194	6,075521946	4205,563477
29,82791138	6,099765778	4211,678711
29,72587395	6,12075758	4217,798828
29,62381363	6,135776997	4223,921875
29,52189064	6,153040409	4230,041504
29,41993523	6,160048008	4236,157715
29,31798553	6,168734074	4242,272461
29,21599197	6,181502819	4248,394043
29,11400414	6,18877697	4254,512207
29,01195526	6,192043781	4260,63623
28,90978813	6,202465057	4266,765625
28,80784225	6,224494457	4272,883789
28,7057972	6,250192165	4279,006836
28,60372353	6,280213833	4285,132813
28,50171661	6,316298008	4291,248535
28,39972305	6,335977077	4297,370605
28,29777145	6,341284752	4303,485352
28,19574547	6,342330933	4309,608398
28,09378242	6,350217342	4315,726563
27,99176025	6,365378857	4321,847656
27,8897171	6,382907391	4327,97168
27,78774452	6,399195194	4334,091309
27,68568039	6,414596558	4340,211914
27,5837574	6,435053349	4346,328125
27,48179817	6,449843884	4352,445313
27,37976646	6,466597557	4358,569336
27,27778053	6,486376762	4364,686523
27,17583084	6,504083157	4370,803711
27,0739193	6,523355484	4376,919922
26,97194862	6,551708221	4383,039063
26,86982346	6,564343929	4389,164063
26,76787567	6,572597504	4395,280273
26,66588783	6,592350006	4401,401855
26,56383705	6,603821278	4407,523438
26,46174049	6,613565922	4413,647461
26,35973358	6,621269703	4419,77002
26,25770378	6,629292488	4425,893066
26,15568352	6,649718285	4432,013672
26,05370522	6,669873714	4438,131836
25,95173836	6,696159363	4444,25
25,84973717	6,722337246	4450,370605
25,74775887	6,742947578	4456,490234
25,64579964	6,755897045	4462,607422
25,54375458	6,762880802	4468,730469
25,44181061	6,770942211	4474,847168
25,33982658	6,788347721	4480,96582
25,23786354	6,802881241	4487,08252
25,13586426	6,809160709	4493,20459
25,03392601	6,812706947	4499,319336
24,93190765	6,823979378	4505,442383
24,82983971	6,832597733	4511,568359
24,72782326	6,848685265	4517,688477
24,62589455	6,864963055	4523,801758
24,52394676	6,882455826	4529,917969
24,42188072	6,895268917	4536,045898
24,31995773	6,901818752	4542,157715
24,21799469	6,914042473	4548,277344
24,11602402	6,932420731	4554,393066
24,01395607	6,943174362	4560,519043
23,91194725	6,953951359	4566,640137
23,80991364	6,968129158	4572,761719
23,7078495	6,986256599	4578,883301
23,60587311	6,993991375	4585,005859
23,50378418	7,003008366	4591,130859
23,40171814	7,008602619	4597,253906
23,29962349	7,021228313	4603,378418
23,19770813	7,030173302	4609,495605
23,09575081	7,048993587	4615,61084
22,99381447	7,06733036	4621,728027
22,89186859	7,080792904	4627,845215
22,78991318	7,08938694	4633,963379
22,68781471	7,099651814	4640,089844
22,58577538	7,113978386	4646,20752
22,48366547	7,136662006	4652,337402
22,38159752	7,148413658	4658,460938
22,27957344	7,165916443	4664,583008
22,17752647	7,183859348	4670,707031
22,07538033	7,192593575	4676,835449
21,97341537	7,196321964	4682,952148
21,87145424	7,205438614	4689,069336
21,76949501	7,221097946	4695,185547
21,66750717	7,231034279	4701,304688
21,56541443	7,245301247	4707,432129
21,46346855	7,258553505	4713,549316
21,36146164	7,2728405	4719,669922
21,25953484	7,283633232	4725,783691
21,15750694	7,299282074	4731,905762
21,05544281	7,316310883	4738,029297
20,95350266	7,334263325	4744,147461
20,85153389	7,347548485	4750,264648
20,74960899	7,36013937	4756,380859
20,64763069	7,371920109	4762,501465
20,54563713	7,381591797	4768,620117
20,44356346	7,388093472	4774,745117
20,34147644	7,392394543	4780,871094
20,23937798	7,403254032	4786,996094
20,13729668	7,421564102	4793,118652
20,03525734	7,432281971	4799,241211
19,93333054	7,437283039	4805,359863
19,83137894	7,449410915	4811,474121
19,72932816	7,452037334	4817,599609
19,62737656	7,456528664	4823,714844
19,5254364	7,472423553	4829,832031
19,42342949	7,490830898	4835,953613
19,32144165	7,49750185	4842,071289
19,21939468	7,50930357	4848,196777
19,11741638	7,520292282	4854,311523
19,01536369	7,532184601	4860,435547
18,91332245	7,537209988	4866,55957
18,81126976	7,543475151	4872,683594
18,7093277	7,55666399	4878,79834
18,60728455	7,571564198	4884,92334
18,50523567	7,585357666	4891,046387
18,40319824	7,60379982	4897,16748
18,30119705	7,617810726	4903,288086
18,19917488	7,628566742	4909,409668
18,09705925	7,635127544	4915,538574
17,99499512	7,640294075	4921,660645
17,89300728	7,644412041	4927,778809
17,79109955	7,649187565	4933,893066
17,6890316	7,663696766	4940,016602
17,58718681	7,682625294	4946,128418
17,48508072	7,697592258	4952,253418
17,38320541	7,705313683	4958,368652
17,28122711	7,716082573	4964,486328
17,1792984	7,729616642	4970,601563
17,07722664	7,740413189	4976,726563
16,97519684	7,751449585	4982,848633
16,87322426	7,762349606	4988,96582
16,77120018	7,770056248	4995,088867
16,66922951	7,781460285	5001,205566
16,56713104	7,793460369	5007,33252
16,46507072	7,797068596	5013,458008
16,36295509	7,801465988	5019,583984
16,26104736	7,811804295	5025,69873
16,15909576	7,820268631	5031,814453
16,05708313	7,828262806	5037,937012
15,95507431	7,840596199	5044,053711
15,8531189	7,852789879	5050,173828
15,75106812	7,85987854	5056,299805
15,6490469	7,865920544	5062,41748
15,54708385	7,87156868	5068,536621
15,4451437	7,879023552	5074,652832
15,34297085	7,893384933	5080,783691
15,24105167	7,908545494	5086,900391
15,13910007	7,920780182	5093,014648
15,03715038	7,93209362	5099,134766
14,9351902	7,938820839	5105,250488
14,83325005	7,944591522	5111,366699
14,7312851	7,948514462	5117,48584
14,62923527	7,957836628	5123,609863
14,52721024	7,965973377	5129,729492
14,42521381	7,979291916	5135,848633
14,32340336	7,996993542	5141,958496
14,22143173	8,003925323	5148,07666
14,11950016	8,005002022	5154,193848
14,01754093	8,009933472	5160,312012
13,91558552	8,016513824	5166,429688
13,81354523	8,022512436	5172,550781
13,71157837	8,029109001	5178,667969
13,6096487	8,044176102	5184,783203
13,50769711	8,048518181	5190,902832
13,4056263	8,048743248	5197,027832
13,30367947	8,049836159	5203,142578
13,20172501	8,056787491	5209,259766
13,09962082	8,063937187	5215,388184
12,99756145	8,067285538	5221,509766
12,89558506	8,071933746	5227,628906
12,79354	8,084446907	5233,751953
12,69157696	8,096704483	5239,870117
12,58962822	8,101115227	5245,986328
12,48765469	8,108654976	5252,106934
12,38565445	8,120321274	5258,225098
12,28371429	8,138500214	5264,341309
12,18164921	8,161319733	5270,466309
12,07956886	8,172012329	5276,593262
11,97755146	8,17616272	5282,710449
11,87550926	8,177472115	5288,834473
11,77350903	8,179424286	5294,957031
11,67145157	8,189610481	5301,081543
11,56954384	8,19780159	5307,192871
11,4676075	8,198314667	5313,311035
11,36559296	8,204070091	5319,430176
11,26354694	8,212281227	5325,553223
11,16156197	8,218091965	5331,673828
11,05960274	8,218820572	5337,791016
10,95758915	8,217887878	5343,911621
10,85553074	8,226559639	5350,03418
10,7535944	8,233563423	5356,151855
10,65161133	8,238357544	5362,269531
10,54960155	8,247570992	5368,390137
10,44752312	8,253665924	5374,516602
10,3455162	8,257297516	5380,635742
10,24350643	8,260651588	5386,756348
10,14157295	8,271327972	5392,873047
10,03962421	8,285814285	5398,990723
9,937671661	8,291843414	5405,105957
9,835706711	8,299728394	5411,226074
9,733670235	8,311357498	5417,347168
9,631624222	8,319077492	5423,468262
9,529677391	8,325252533	5429,588379
9,427745819	8,332730293	5435,703125
9,325775146	8,345196724	5441,820313
9,223824501	8,3574543	5447,938477
9,121756554	8,363452911	5454,062988
9,01977253	8,37436676	5460,183105
8,917740822	8,390024185	5466,302246
8,815788269	8,399017334	5472,419434
8,713685036	8,405254364	5478,547852
8,611698151	8,414990425	5484,666016
8,509661674	8,428602219	5490,788086
8,407618523	8,436977386	5496,912109
8,305579185	8,438646317	5503,032227
8,20362854	8,449503899	5509,151855
8,101681709	8,457332611	5515,265625
7,999724388	8,465526581	5521,385254
7,897754192	8,469288826	5527,501465
7,795741081	8,47168541	5533,625
7,693745136	8,476864815	5539,744629
7,591774464	8,483559608	5545,862793
7,489873409	8,487043381	5551,974609
7,387781143	8,492765427	5558,102539
7,285760403	8,497443199	5564,224609
7,183826447	8,498528481	5570,338379
7,081810474	8,499885559	5576,460938
6,979721546	8,502595901	5582,587402
6,877636909	8,506418228	5588,712402
6,775696754	8,511106491	5594,828125
6,673742771	8,510846138	5600,943359
6,571688652	8,510550499	5607,066895
6,469649792	8,513048172	5613,188477
6,367728233	8,511838913	5619,30127
6,265779018	8,509820938	5625,423828
6,16381073	8,508823395	5631,539063
6,061870098	8,510511398	5637,656738
5,959899426	8,510874748	5643,774414
5,857958317	8,511097908	5649,891113
5,755989552	8,509548187	5656,008301
5,654075146	8,507966995	5662,124023
5,551943779	8,505991936	5668,255859
5,44995594	8,503804207	5674,373047
5,347827435	8,501044273	5680,499023
5,245772362	8,498922348	5686,623535
5,143733501	8,496318817	5692,74707
5,041689396	8,4929142	5698,868652
