scan 2005/12/202208:57:21		
temp(degC)	power	time(seconds)
99,82836914	-585,9190063	9,179551125
99,72489166	-491,7852478	15,30007553
99,62335968	-388,1507874	21,42632866
99,52225494	-312,053009	27,54679108
99,42126465	-248,2423248	33,6700592
99,32036591	-190,872818	39,78914261
99,21955109	-139,7168274	45,90382385
99,11862946	-95,57845306	52,0281105
99,0177536	-58,88532257	58,14547729
98,91690063	-29,29981041	64,26244354
98,81602478	-6,028812408	70,3783493
98,71509552	11,86385822	76,49816895
98,61405945	25,23131943	82,62187958
98,51296234	35,00833511	88,75048828
98,41191864	41,92269135	94,87267303
98,3108139	46,65386581	100,9931259
98,20967865	49,62561035	107,1183167
98,10855103	51,3256073	113,2412109
98,00743103	52,07851028	119,3580246
97,90621948	52,14108658	125,4798203
97,80509186	51,66556931	131,5971985
97,70384216	50,8141098	137,719574
97,60244751	49,79236984	143,8481445
97,50125122	48,55442047	149,9656372
97,39984131	47,00688934	156,0947266
97,29853058	45,46295929	162,2106476
97,1971817	44,07413483	168,3338318
97,0957489	42,70394516	174,4565277
96,99434662	41,37654114	180,5804291
96,89303589	40,13952255	186,6941376
96,79169464	38,9432373	192,8078156
96,69029999	37,842659	198,9290314
96,58885956	36,81698608	205,0444183
96,48735809	35,92790604	211,1685638
96,38585663	35,24943542	217,2902069
96,28429413	34,61735916	223,4129791
96,18282318	33,88898087	229,5292053
96,08132935	33,07838058	235,6460571
95,97977448	32,25942612	241,7667389
95,87826538	31,45161247	247,8804474
95,77675629	30,63217545	254,0005188
95,67519379	29,86658287	260,1170654
95,57361603	29,13648605	266,233429
95,47196198	28,38675499	272,355896
95,37038422	27,66769218	278,4725037
95,26872253	26,98825836	284,5951538
95,16697693	26,3465538	290,71875
95,06529999	25,72351265	296,8406372
94,96363831	25,09705162	302,9588928
94,86190033	24,52644348	309,0814819
94,76010895	23,97949982	315,2097473
94,65835571	23,42666054	321,3291931
94,55670166	22,92941093	327,4452515
94,45501709	22,46054268	333,5650024
94,35324097	22,03837776	339,6846619
94,25151062	21,65867615	345,8035889
94,14974976	21,27943993	351,9269104
94,04798126	20,91603088	358,0423584
93,94630432	20,56783676	364,1611633
93,84456635	20,21948624	370,2774353
93,74278259	19,88498116	376,3977356
93,64097595	19,60554695	382,5155945
93,53911591	19,32931328	388,6409912
93,43733215	18,98611641	394,7605591
93,33554077	18,6695919	400,8776855
93,23373413	18,42058754	406,9995728
93,13185883	18,16501045	413,1217957
93,02999878	17,93294334	419,2446289
92,9282074	17,68651962	425,3609314
92,82640076	17,46911621	431,4770813
92,72462463	17,24515152	437,5939941
92,6227951	17,02691078	443,7144775
92,52098083	16,83516693	449,8296814
92,41918945	16,64226151	455,9480286
92,3174057	16,40816307	462,0615845
92,21552277	16,20688248	468,1825867
92,11365509	16,03906441	474,302948
92,01164246	15,87083149	480,4322205
91,90969849	15,67399216	486,5538635
91,80782318	15,50431538	492,6733398
91,70596313	15,36806393	498,7937927
91,60405731	15,22050095	504,9142456
91,50212097	15,07952881	511,0368958
91,40018463	14,9442997	517,1581421
91,29832458	14,82586384	523,2747192
91,19636536	14,70431423	529,3989868
91,09434509	14,57320404	535,5251465
90,99242401	14,46977425	541,6454468
90,89057159	14,36146545	547,7606201
90,78857422	14,22361565	553,885498
90,68663025	14,09550858	560,0059204
90,58464813	13,97485828	566,1295166
90,4827652	13,88955212	572,2507324
90,38082123	13,77394581	578,3696289
90,27893066	13,67732334	584,4882813
90,1769104	13,59131145	590,6143799
90,07498169	13,49962234	596,7312012
89,97296143	13,39792538	602,855957
89,87108612	13,30047417	608,9747925
89,76913452	13,21958065	615,0927734
89,66730499	13,12661266	621,2089233
89,56537628	13,02017879	627,326355
89,46351624	12,91589928	633,4423218
89,3616333	12,80785656	639,5599976
89,25963593	12,71309376	645,6837769
89,1576004	12,64410114	651,807373
89,05569458	12,57984924	657,9244995
88,95384216	12,5046339	664,0374146
88,85181427	12,401824	670,1625366
88,74990082	12,29872608	676,2806396
88,64794922	12,20940781	682,3989868
88,54595184	12,14188957	688,5194092
88,44393921	12,060462	694,6444092
88,34194183	11,97141552	700,7681885
88,23986053	11,90374565	706,8942871
88,13787842	11,85016155	713,0137329
88,0358963	11,7896719	719,1342163
87,93401337	11,722085	725,2503662
87,83197021	11,64541912	731,3756714
87,7300415	11,56709766	737,4924927
87,62810516	11,47478485	743,6099243
87,52616119	11,38918877	749,729126
87,42427826	11,32007122	755,8430786
87,32229614	11,26209831	761,9627075
87,22040558	11,21211624	768,0787964
87,1184082	11,15502548	774,2001343
87,01647949	11,0903101	780,3164673
86,91454315	11,0212841	786,4351807
86,81250763	10,93912411	792,5612183
86,71044159	10,85962296	798,6848755
86,60855865	10,79425907	804,7962036
86,50662994	10,74145889	810,9147949
86,40460968	10,67961884	817,0361938
86,30258942	10,61543846	823,1605225
86,20055389	10,57392311	829,2843018
86,09859467	10,50680256	835,4024048
85,99667358	10,43716335	841,5209351
85,89467621	10,36662865	847,6390381
85,79277039	10,30373764	853,7539673
85,69081879	10,23709393	859,8713989
85,58893585	10,16798019	865,9874878
85,48688507	10,10750961	872,1088257
85,38473511	10,06665325	878,2384033
85,28272247	10,00732231	884,3612061
85,18080139	9,950432777	890,4784546
85,07888794	9,891489029	896,5935669
84,97698212	9,838547707	902,7078247
84,87502289	9,778816223	908,8280029
84,77297211	9,732303619	914,9540405
84,67079926	9,680820465	921,0835571
84,5687561	9,634685516	927,2047729
84,46682739	9,581870079	933,3209839
84,36494446	9,525964737	939,4338989
84,26292419	9,460443497	945,5575562
84,16096497	9,387081146	951,6748047
84,05895233	9,318778992	957,7960205
83,95690918	9,260309219	963,9203491
83,8548584	9,204546928	970,0432739
83,75292206	9,133434296	976,1596069
83,65091705	9,085202217	982,2832031
83,54885101	9,046974182	988,4061279
83,44696045	8,989041328	994,5188599
83,34486389	8,922642708	1000,645996
83,24290466	8,868559837	1006,762817
83,14094543	8,807232857	1012,881714
83,0388031	8,752430916	1019,010315
82,93677521	8,664509773	1025,132568
82,83483887	8,59714222	1031,248169
82,73273468	8,556440353	1037,374512
82,63070679	8,522514343	1043,497803
82,52884674	8,474354744	1049,609741
82,42684174	8,411194801	1055,728516
82,32467651	8,347998619	1061,859985
82,22274017	8,278439522	1067,97522
82,12071228	8,215732574	1074,0979
82,01878357	8,172088623	1080,213989
81,91691589	8,132084846	1086,325562
81,81494904	8,083862305	1092,444092
81,71303558	8,023230553	1098,558838
81,61113739	7,960237503	1104,671509
81,50919342	7,912594318	1110,790405
81,40722656	7,849427223	1116,905762
81,3052063	7,781335831	1123,029907
81,20323944	7,733659267	1129,147339
81,10131836	7,683926582	1135,264526
80,99932098	7,622945309	1141,383911
80,89733124	7,587263107	1147,501831
80,79536438	7,536406994	1153,621582
80,69341278	7,469590664	1159,738403
80,59140015	7,399019718	1165,858154
80,48938751	7,334267616	1171,981079
80,38745117	7,290892601	1178,09729
80,28551483	7,250505447	1184,21228
80,18347931	7,206719398	1190,336304
80,08152771	7,150113106	1196,453125
79,97951508	7,091987133	1202,572876
79,87743378	7,022821903	1208,700073
79,77536774	6,963016987	1214,823608
79,67340088	6,903844833	1220,940674
79,57136536	6,846886635	1227,062866
79,46934509	6,781347275	1233,184082
79,36737823	6,728691578	1239,301392
79,26533508	6,668353081	1245,425537
79,16335297	6,603179932	1251,543579
79,06130219	6,529514313	1257,668213
78,959198	6,451052666	1263,794312
78,85726166	6,397012711	1269,911743
78,75519562	6,340493202	1276,033447
78,65323639	6,27517128	1282,1521
78,55130768	6,214661121	1288,265747
78,4493103	6,158638	1294,388794
78,34738159	6,091608047	1300,501709
78,24543762	6,025576591	1306,61853
78,14359283	5,942690372	1312,732666
78,04163361	5,864442348	1318,848633
77,93958282	5,805010796	1324,97229
77,83763123	5,747301102	1331,08606
77,73564911	5,683633804	1337,208862
77,63359833	5,6055336	1343,333008
77,53156281	5,513821125	1349,452393
77,42953491	5,417123318	1355,575073
77,3275528	5,333444595	1361,692139
77,22562408	5,251621723	1367,80896
77,12366486	5,152390003	1373,928833
77,0216217	5,050992012	1380,049194
76,91967773	4,960016727	1386,165527
76,81754303	4,878173828	1392,295288
76,71557617	4,782515049	1398,411011
76,61363983	4,663839817	1404,52832
76,51158905	4,541659832	1410,651978
76,40962982	4,441691875	1416,77063
76,30750275	4,319994926	1422,898926
76,20552063	4,211959839	1429,018066
76,10348511	4,092480183	1435,138428
76,00152588	3,951242208	1441,254639
75,89949036	3,786454678	1447,377441
75,79753876	3,630272865	1453,49707
75,69541168	3,484792471	1459,623291
75,59342957	3,339092255	1465,742432
75,49147797	3,175346375	1471,860596
75,38942719	3,02370882	1477,983521
75,28742981	2,866369247	1484,102783
75,18540192	2,682831049	1490,222656
75,08337402	2,477588415	1496,343872
74,98142242	2,275051832	1502,461304
74,87940979	2,115014791	1508,582886
74,77752686	1,934433222	1514,69812
74,67531586	1,729148746	1520,827026
74,57330322	1,495960474	1526,949097
74,47126007	1,264814734	1533,072754
74,36929321	1,026440263	1539,190796
74,2673645	0,759869277	1545,305054
74,16542816	0,507040739	1551,422363
74,06345367	0,25238952	1557,541748
73,96149445	-0,051499456	1563,657959
73,85951996	-0,338314652	1569,77832
73,75750732	-0,606504798	1575,897827
73,6555481	-0,912557125	1582,014893
73,55360413	-1,234520555	1588,131104
73,45157623	-1,575793028	1594,252563
73,34960175	-1,89099884	1600,371338
73,24755859	-2,224321842	1606,494873
73,14549255	-2,594637156	1612,615479
73,04353333	-2,970087767	1618,734863
72,94151306	-3,321674109	1624,856934
72,83935547	-3,711679459	1630,98584
72,73738861	-4,106575489	1637,105225
72,63542175	-4,506186962	1643,221313
72,53349304	-4,917421818	1649,33728
72,43156433	-5,333754539	1655,455078
72,3295517	-5,738265514	1661,571777
72,2276535	-6,172510147	1667,68811
72,12557983	-6,572226524	1673,810547
72,02352142	-7,020157337	1679,933716
71,9214859	-7,451173306	1686,058105
71,8195343	-7,910437107	1692,174683
71,71755981	-8,372040749	1698,293213
71,61561584	-8,807784081	1704,407715
71,51371002	-9,245079041	1710,523071
71,4118042	-9,654164314	1716,638184
71,30973053	-10,04931641	1722,760742
71,20786285	-10,50062466	1728,875854
71,10585022	-10,9056015	1734,994019
71,00385284	-11,28412533	1741,113403
70,90183258	-11,67146587	1747,236328
70,79990387	-12,06997776	1753,351318
70,69793701	-12,4097805	1759,469482
70,59587097	-12,7215786	1765,594604
70,49391937	-13,02776909	1771,709473
70,39187622	-13,32458401	1777,832275
70,28994751	-13,58148861	1783,950195
70,18790436	-13,82058811	1790,069946
70,0859375	-14,02890491	1796,189453
69,9839859	-14,22748947	1802,306519
69,88204193	-14,41085625	1808,42395
69,7800827	-14,54975986	1814,543213
69,67803955	-14,69573307	1820,661865
69,57603455	-14,81817055	1826,786255
69,47405243	-14,90340233	1832,902588
69,37206268	-14,94264984	1839,022095
69,27004242	-14,94182968	1845,14502
69,16807556	-14,93547249	1851,263062
69,06613922	-14,89601135	1857,378296
68,96417236	-14,85032463	1863,495361
68,86212921	-14,8041048	1869,619507
68,76019287	-14,7459774	1875,736206
68,65823364	-14,66528225	1881,852417
68,5562439	-14,58807755	1887,971924
68,45410919	-14,52354145	1894,099976
68,35217285	-14,46095848	1900,217651
68,25011444	-14,35678864	1906,338135
68,14801788	-14,21152782	1912,46521
68,04589844	-14,03329372	1918,593628
67,94397736	-13,80857277	1924,709839
67,84194946	-13,51741791	1930,830688
67,7399826	-13,20933151	1936,949341
67,63808441	-12,89474487	1943,060303
67,53616333	-12,59584427	1949,176636
67,43417358	-12,26202011	1955,295532
67,33220673	-11,95929527	1961,415405
67,23010254	-11,62436771	1967,542358
67,12807465	-11,25323772	1973,66272
67,02599335	-10,87858868	1979,786743
66,92404938	-10,50624561	1985,906372
66,82201385	-10,13919449	1992,02771
66,71994781	-9,77665329	1998,149536
66,61785889	-9,412678719	2004,275879
66,51583862	-9,049578667	2010,39624
66,41390991	-8,67869091	2016,513184
66,31196594	-8,290786743	2022,629395
66,20991516	-7,963476658	2028,753174
66,10792542	-7,618171215	2034,873413
66,00588989	-7,260606766	2040,993164
65,90395355	-6,916138649	2047,109985
65,80192566	-6,590240479	2053,230957
65,69991302	-6,244467735	2059,352539
65,5978241	-5,888001919	2065,479736
65,49588776	-5,553646564	2071,592529
65,39390564	-5,258052349	2077,712158
65,2919693	-4,941843987	2083,829102
65,18991089	-4,637566566	2089,954102
65,0879364	-4,34895134	2096,071533
64,98600006	-4,083099842	2102,186035
64,88405609	-3,802041531	2108,30249
64,78213501	-3,503023863	2114,418457
64,68017578	-3,212029696	2120,53833
64,57815552	-2,954503059	2126,657715
64,47613525	-2,685450315	2132,779297
64,37408447	-2,465839148	2138,901855
64,27198792	-2,247972012	2145,026855
64,16988373	-2,044822454	2151,155029
64,0679245	-1,825948	2157,271973
63,96587753	-1,626213908	2163,396484
63,86384583	-1,416187525	2169,516846
63,76180267	-1,221358895	2175,638184
63,65974426	-1,04805541	2181,762695
63,55768967	-0,856312633	2187,88623
63,45575714	-0,693709016	2194,001953
63,35377121	-0,540698886	2200,120361
63,25172424	-0,402883351	2206,243164
63,14966583	-0,282701075	2212,366943
63,04772568	-0,160655499	2218,483398
62,94577789	-0,044938847	2224,601318
62,84370804	0,089044541	2230,723877
62,7416954	0,214603633	2236,846191
62,63963699	0,311594069	2242,969727
62,53775787	0,397290736	2249,080322
62,43567276	0,475534678	2255,208496
62,33368301	0,568086505	2261,326172
62,23161316	0,663442075	2267,449707
62,12960434	0,775968075	2273,571289
62,02749252	0,895899594	2279,700195
61,92541504	0,992660999	2285,820068
61,8235321	1,059542179	2291,935547
61,72156906	1,124769449	2298,05249
61,61960983	1,202545404	2304,169678
61,51765442	1,273397207	2310,289063
61,41564941	1,321593404	2316,408691
61,31365204	1,379389048	2322,528809
61,21169662	1,452989817	2328,645264
61,10973358	1,503167272	2334,763672
61,0076561	1,533397555	2340,888428
60,90565491	1,567592978	2347,010498
60,80350113	1,606069088	2353,137451
60,70148087	1,643103838	2359,258789
60,59941101	1,666238785	2365,381348
60,4974823	1,703598499	2371,500244
60,39548492	1,729027867	2377,621826
60,29353714	1,742993712	2383,734619
60,19150925	1,733371973	2389,857178
60,08956146	1,738152981	2395,974365
59,98749161	1,752770424	2402,099854
59,8854332	1,765568137	2408,221924
59,78348541	1,767825484	2414,338135
59,68132782	1,761690378	2420,467529
59,57938766	1,774173617	2426,584717
59,47745132	1,78058672	2432,700928
59,3755188	1,79553771	2438,816895
59,27352905	1,810792804	2444,935791
59,17160034	1,819459796	2451,050293
59,06963348	1,82930994	2457,172363
58,96759796	1,853308439	2463,290039
58,86565018	1,888307452	2469,409912
58,76366425	1,905015469	2475,526611
58,66159058	1,915984035	2481,650635
58,5595932	1,937107682	2487,773682
58,4575386	1,960734487	2493,894043
58,35548782	1,981545687	2500,016846
58,25357437	1,998074174	2506,133057
58,15163803	2,024249792	2512,248047
58,04970932	2,052395582	2518,361572
57,94774246	2,074870348	2524,483398
57,8458252	2,079267025	2530,596924
57,74388504	2,096030712	2536,713379
57,64184189	2,13863802	2542,836182
57,5397644	2,172437668	2548,958984
57,43782806	2,194093466	2555,076172
57,3358078	2,211548805	2561,196533
57,23374939	2,245853424	2567,320557
57,13173676	2,26779747	2573,441162
57,02980042	2,296226978	2579,557129
56,92773819	2,3228333	2585,682129
56,82582855	2,343489885	2591,795898
56,72393799	2,36156559	2597,908936
56,6219902	2,378040314	2604,027588
56,52006149	2,402133226	2610,144287
56,41807556	2,429530859	2616,263916
56,31604767	2,457489491	2622,384521
56,21409607	2,486918688	2628,501709
56,11217117	2,518037081	2634,615234
56,01009369	2,544566154	2640,740967
55,90811157	2,57988286	2646,858643
55,80618668	2,601016045	2652,974854
55,70423126	2,628554106	2659,092041
55,60221481	2,651575327	2665,213867
55,50021744	2,67001462	2671,334473
55,39813995	2,691099644	2677,457031
55,29602432	2,719143152	2683,586426
55,19404984	2,741816998	2689,703857
55,09199142	2,768883228	2695,828857
54,9900589	2,795909405	2701,943359
54,88798523	2,81373024	2708,068359
54,78598785	2,833983421	2714,188232
54,6840744	2,844141245	2720,302002
54,58207703	2,863018513	2726,423584
54,48010635	2,879501104	2732,539795
54,37817001	2,902770519	2738,656006
54,27614975	2,92085743	2744,778809
54,17414474	2,952559948	2750,900146
54,07213593	2,978463888	2757,019531
53,97014236	2,996853113	2763,137939
53,8681221	3,019625425	2769,259521
53,76616669	3,047502041	2775,375977
53,66414261	3,059267044	2781,499512
53,56218338	3,077308893	2787,615479
53,46011353	3,092385054	2793,740479
53,35814285	3,112666845	2799,860352
53,25603867	3,13123703	2805,986572
53,15416336	3,152756691	2812,098145
53,05225754	3,162130594	2818,213867
52,95022583	3,168466806	2824,336182
52,84822083	3,179503202	2830,455078
52,74617004	3,202177286	2836,578613
52,644104	3,223222971	2842,70166
52,54212189	3,241039276	2848,82251
52,44013977	3,257989883	2854,938232
52,33810043	3,279298544	2861,062744
52,23612595	3,297761679	2867,179199
52,13412094	3,315741301	2873,30127
52,03205109	3,32106781	2879,42749
51,92999268	3,329298496	2885,551025
51,82802582	3,346424341	2891,665527
51,72609329	3,357599735	2897,782227
51,6241188	3,362779617	2903,902344
51,52206802	3,370654106	2910,024902
51,42001724	3,386096954	2916,149658
51,31798553	3,398126602	2922,268555
51,21591949	3,406969309	2928,394531
51,11398697	3,419173479	2934,507324
51,01190567	3,428623199	2940,633545
50,909832	3,425944567	2946,759521
50,80776978	3,431185961	2952,883301
50,70569611	3,434536695	2959,007324
50,60367203	3,449790716	2965,130127
50,50167465	3,467947483	2971,246094
50,39972687	3,480635166	2977,365723
50,29777527	3,486895084	2983,480469
50,19580078	3,484399557	2989,600098
50,09386444	3,484369278	2995,716309
49,99181366	3,493021488	3001,838867
49,88984299	3,501168489	3007,957031
49,78779984	3,510642052	3014,079102
49,68574142	3,516453266	3020,204834
49,5837822	3,516036987	3026,322266
49,48164749	3,525853395	3032,450195
49,37968826	3,527251244	3038,566406
49,27773666	3,529809475	3044,682373
49,17562866	3,534402847	3050,809814
49,0735321	3,557373524	3056,93335
48,9714241	3,577456713	3063,061768
48,86941528	3,586585283	3069,183105
48,76739883	3,589294434	3075,302979
48,66534424	3,596407175	3081,425781
48,5633049	3,597713232	3087,548584
48,46124649	3,601810455	3093,673584
48,35929108	3,609891653	3099,788574
48,25730896	3,621088743	3105,910156
48,15525436	3,633134127	3112,030518
48,05331802	3,647601128	3118,147217
47,9513588	3,657402039	3124,26416
47,84930801	3,662270784	3130,387695
47,74728775	3,669299841	3136,508301
47,6452446	3,678838253	3142,633301
47,54335403	3,693401098	3148,744873
47,44142532	3,708444595	3154,858643
47,33945465	3,723568439	3160,981445
47,2374649	3,732804298	3167,100098
47,13546371	3,73503828	3173,219482
47,03351974	3,743815422	3179,334473
46,93147278	3,747187138	3185,458008
46,82953262	3,751199484	3191,575684
46,72753525	3,76525569	3197,695801
46,62549973	3,777076006	3203,817627
46,52353668	3,78921032	3209,933594
46,42148209	3,805253983	3216,056641
46,31945038	3,826288223	3222,18042
46,21752548	3,836195707	3228,294189
46,11548996	3,842547417	3234,418213
46,0134964	3,853684902	3240,537598
45,91156387	3,863886833	3246,653564
45,80945969	3,86980319	3252,779785
45,70737839	3,883481264	3258,907471
45,6052475	3,903589487	3265,033691
45,50332642	3,920526266	3271,145996
45,40142822	3,928988695	3277,259766
45,29949188	3,938847542	3283,37915
45,19749069	3,959296227	3289,496338
45,09545135	3,968677998	3295,619873
44,99350739	3,97791338	3301,736328
44,89157104	3,989311934	3307,85376
44,78959274	4,000383377	3313,971924
44,687603	4,017434597	3320,092285
44,58550262	4,035554409	3326,217285
44,48365784	4,051241875	3332,329102
44,38175964	4,071579456	3338,439453
44,27985001	4,078546524	3344,555664
44,17786789	4,087884903	3350,675293
44,07577515	4,105272293	3356,800049
43,9737854	4,122325897	3362,921875
43,87192535	4,13187027	3369,033691
43,76989365	4,144260406	3375,154053
43,66794205	4,15089798	3381,27124
43,56594086	4,159822941	3387,390625
43,46398163	4,175622463	3393,51001
43,36199188	4,194581509	3399,628418
43,25985336	4,226123333	3405,757813
43,15787125	4,244168282	3411,874023
43,05584717	4,264295578	3417,996826
42,95378876	4,277390957	3424,120605
42,85174942	4,287250519	3430,243408
42,74969482	4,297196388	3436,364746
42,64776993	4,305737972	3442,477539
42,54589081	4,307971478	3448,594971
42,44394302	4,315547943	3454,711914
42,34185791	4,327537537	3460,837158
42,2397728	4,344692707	3466,963379
42,13779068	4,369092941	3473,080322
42,0357666	4,396909237	3479,202881
41,93365097	4,414952755	3485,329102
41,831707	4,43255949	3491,448975
41,72969818	4,450189114	3497,566895
41,62762451	4,462402344	3503,689697
41,52562714	4,475881577	3509,812744
41,42353058	4,500310421	3515,936279
41,32149124	4,521514416	3522,05957
41,21942139	4,539004803	3528,182617
41,11748123	4,549070835	3534,301514
41,01555634	4,573583603	3540,41626
40,91355133	4,595406532	3546,535645
40,81142044	4,610702515	3552,665283
40,7094841	4,619539261	3558,779053
40,60752869	4,633876801	3564,899902
40,50549316	4,654325485	3571,02124
40,40345764	4,681164742	3577,14209
40,30138397	4,70583868	3583,266113
40,19944382	4,730925083	3589,38501
40,09740448	4,755640507	3595,505371
39,9952774	4,768321037	3601,632568
39,89328766	4,76660347	3607,754639
39,79114532	4,772398472	3613,881592
39,68910217	4,787317753	3620,004395
39,58704376	4,802709103	3626,126953
39,48500443	4,820550919	3632,247803
39,38302612	4,845554352	3638,368408
39,28107071	4,870319366	3644,483643
39,17911148	4,873286724	3650,601563
39,07709503	4,883974075	3656,720947
38,97509766	4,901435852	3662,843018
38,8730545	4,925474644	3668,965088
38,77101135	4,940224648	3675,084473
38,66898346	4,946296215	3681,20874
38,56690216	4,956204414	3687,33374
38,46493149	4,966569901	3693,450439
38,36301041	4,981131077	3699,566895
38,26088715	4,995436192	3705,695313
38,15882492	5,019755363	3711,817871
38,05686569	5,042221069	3717,935059
37,95486832	5,055761814	3724,057861
37,85277939	5,063657761	3730,180664
37,75080109	5,081348896	3736,300049
37,64877701	5,097504139	3742,421875
37,54680252	5,11491251	3748,53833
37,44485855	5,149440765	3754,657471
37,3427887	5,181601048	3760,782227
37,24079895	5,198498249	3766,900146
37,13872147	5,214437008	3773,025635
37,03665924	5,236345768	3779,149414
36,93471909	5,251080513	3785,263916
36,83272552	5,261205196	3791,38501
36,73085403	5,276698589	3797,498779
36,62881088	5,293606758	3803,62207
36,52678299	5,309071064	3809,74292
36,42472839	5,325465202	3815,865723
36,32269669	5,337455273	3821,988037
36,22066116	5,35043478	3828,109619
36,11859512	5,354147911	3834,233154
36,01652145	5,356250286	3840,35791
35,914608	5,364676476	3846,471924
35,81264496	5,385616302	3852,591064
35,71069717	5,400715828	3858,708984
35,60866547	5,407758713	3864,828857
35,50672531	5,425897121	3870,94751
35,40464783	5,450946808	3877,071289
35,30257034	5,48293066	3883,194092
35,20065308	5,506711006	3889,311279
35,09863281	5,521504879	3895,430664
34,99672699	5,535217762	3901,544434
34,89466858	5,554438591	3907,670898
34,79268265	5,57145834	3913,787842
34,69070053	5,590827942	3919,908691
34,58868027	5,607906342	3926,030029
34,48669815	5,627304077	3932,147949
34,38474274	5,64020586	3938,264404
34,2827034	5,655621529	3944,387207
34,18072128	5,672463894	3950,506836
34,07872772	5,682414532	3956,625488
33,97680283	5,69179821	3962,743408
33,87476349	5,714796066	3968,862549
33,77279282	5,728948116	3974,983398
33,67077255	5,742244244	3981,102783
33,5688591	5,753052711	3987,219971
33,46694183	5,775036812	3993,332764
33,36493683	5,793255329	3999,455566
33,26287079	5,814713001	4005,576904
33,16093445	5,836096287	4011,693115
33,05896378	5,850365162	4017,813477
32,95690536	5,863489628	4023,936279
32,85490417	5,872443199	4030,056641
32,75271606	5,876729965	4036,187256
32,65061951	5,881455421	4042,313232
32,54859924	5,887414932	4048,436035
32,44653702	5,903242588	4054,560303
32,34445953	5,924159527	4060,681885
32,24251556	5,945771694	4066,799561
32,14054108	5,964312077	4072,919434
32,03847122	5,991464138	4079,039551
31,9364357	6,024409294	4085,163818
31,8343811	6,039149761	4091,287109
31,73233032	6,047932148	4097,411621
31,63041306	6,057723045	4103,525391
31,52835846	6,071180344	4109,649414
31,42631149	6,078793049	4115,771973
31,32435989	6,088090897	4121,889648
31,22240257	6,102025509	4128,007813
31,12046432	6,125621319	4134,125
31,01849174	6,137197971	4140,242188
30,91648674	6,152806759	4146,362793
30,8144722	6,161870003	4152,481934
30,71242142	6,172020912	4158,606934
30,61040688	6,183819771	4164,727051
30,50841331	6,20195961	4170,847168
30,40641975	6,220640659	4176,964844
30,30431747	6,235545635	4183,091309
30,2022171	6,246032238	4189,217285
30,10017395	6,256120682	4195,34082
29,99801445	6,272770405	4201,470703
29,89610672	6,289011478	4207,584473
29,79403114	6,293510914	4213,710449
29,69194794	6,312031746	4219,833496
29,59001732	6,330039501	4225,949707
29,48797607	6,360152245	4232,071777
29,3860321	6,38625145	4238,192871
29,28406906	6,399538517	4244,307617
29,18199539	6,406270027	4250,431641
29,08003426	6,415647507	4256,549805
28,97798729	6,423676968	4262,67041
28,87606621	6,434622288	4268,789063
28,77395058	6,448707581	4274,915039
28,67197037	6,462640762	4281,033203
28,57001686	6,473378181	4287,152832
28,46798325	6,481725216	4293,272949
28,36592293	6,4968853	4299,395996
28,26387215	6,502727509	4305,52002
28,16191483	6,511404037	4311,635742
28,05986786	6,521460533	4317,759277
27,95782089	6,544642925	4323,884277
27,85577202	6,568899632	4330,005371
27,7538166	6,588673592	4336,123535
27,65175438	6,607331753	4342,248047
27,54979515	6,615007401	4348,364746
27,44777298	6,62283659	4354,48584
27,34581184	6,635137081	4360,602539
27,24385452	6,650541306	4366,719727
27,14189339	6,66297102	4372,840332
27,03983116	6,665354729	4378,963867
26,93800163	6,667934895	4385,073242
26,83592415	6,680074215	4391,194824
26,73399925	6,686571598	4397,311035
26,63185883	6,697501659	4403,443359
26,5298996	6,710548401	4409,558594
26,42785454	6,732237339	4415,680664
26,32578278	6,742747784	4421,807617
26,22383499	6,754124641	4427,921387
26,12181664	6,763463974	4434,043457
26,01976585	6,7795434	4440,163574
25,917799	6,793217659	4446,283691
25,81583405	6,803129196	4452,401367
25,71389389	6,820144176	4458,518555
25,61183929	6,836410999	4464,643066
25,50989342	6,845629692	4470,757324
25,40793419	6,856603622	4476,879395
25,30593109	6,86818552	4482,997559
25,20377922	6,878156662	4489,126953
25,10169029	6,890111923	4495,249512
24,99974823	6,898024082	4501,370117
24,89777374	6,907382011	4507,483887
24,79582787	6,921572208	4513,602539
24,69372559	6,937714577	4519,732422
24,59170532	6,953041553	4525,852539
24,48970413	6,963979244	4531,969727
24,38773727	6,976639748	4538,089844
24,28570175	6,992454052	4544,210449
24,18361664	7,005782127	4550,338867
24,08161926	7,020186424	4556,45752
23,97963905	7,031460285	4562,575195
23,87756157	7,046065331	4568,699219
23,77547646	7,056666374	4574,825684
23,67347717	7,068279266	4580,943848
23,57145882	7,068267345	4587,065918
23,46952248	7,070558548	4593,184082
23,36742973	7,078553677	4599,310547
23,26549149	7,092752934	4605,424316
23,16346741	7,099274635	4611,546875
23,06146049	7,100611687	4617,666992
22,95939827	7,106445313	4623,791016
22,85738754	7,114848614	4629,910645
22,75540161	7,125937462	4636,032227
22,65330124	7,13698101	4642,154785
22,55135536	7,158212662	4648,272461
22,44927788	7,168352127	4654,399414
22,34724998	7,185482979	4660,518555
22,24521065	7,193799973	4666,640625
22,1431427	7,216388702	4672,764648
22,04127502	7,229349613	4678,876953
21,93925858	7,236104488	4685,000977
21,83737755	7,248456001	4691,112793
21,73540306	7,261547089	4697,22998
21,63347244	7,278563023	4703,346191
21,53145409	7,292616844	4709,467773
21,42937469	7,307762146	4715,589844
21,32746124	7,322141647	4721,708984
21,22543526	7,324522018	4727,829102
21,12334442	7,334111214	4733,954102
21,0213871	7,343000889	4740,072754
20,91932106	7,365506172	4746,196289
20,81733131	7,380705833	4752,315918
20,71533585	7,393438339	4758,435059
20,61330795	7,404597282	4764,556641
20,51132965	7,418296814	4770,675293
20,40935326	7,430190086	4776,795898
20,30731964	7,443212509	4782,916016
20,20534515	7,45624876	4789,035645
20,103302	7,474117756	4795,15625
20,00126457	7,489808559	4801,276367
19,89933586	7,500261784	4807,396973
19,79728317	7,519094944	4813,516602
19,6953125	7,52835083	4819,635742
19,59326172	7,534459114	4825,757813
19,49134064	7,548798561	4831,873535
19,38941765	7,566723824	4837,98877
19,28736877	7,581535816	4844,114258
19,18536758	7,590343952	4850,235352
19,08331871	7,60688448	4856,355957
18,98131371	7,614602089	4862,476074
18,87923431	7,620001316	4868,601563
18,77719879	7,624876976	4874,725098
18,67515945	7,633493423	4880,848145
18,57317543	7,652205944	4886,964355
18,47126007	7,669073582	4893,080078
18,36936188	7,67850256	4899,194336
18,26745033	7,688675404	4905,309082
18,16540527	7,700041771	4911,433105
18,06345558	7,705585957	4917,548828
17,96138	7,716541767	4923,673828
17,85938454	7,721304417	4929,795898
17,75738525	7,731591702	4935,912109
17,65524483	7,744033337	4942,044434
17,55328751	7,754611969	4948,160645
17,45126534	7,765518188	4954,28125
17,34930038	7,771609783	4960,398438
17,24721909	7,784416199	4966,525879
17,14521408	7,794292927	4972,644043
17,04321671	7,808955193	4978,765137
16,94121742	7,815189362	4984,88623
16,83926773	7,823694706	4991,000488
16,73717117	7,831413746	4997,125977
16,63513756	7,840613365	5003,25
16,53309059	7,844062328	5009,372559
16,43105507	7,848090649	5015,493164
16,3290062	7,85752964	5021,616211
16,22707367	7,868023872	5027,733398
16,1250248	7,87874651	5033,855469
16,02302933	7,892228127	5039,977539
15,9210062	7,904724121	5046,099121
15,81895065	7,910141468	5052,223145
15,71692848	7,908655167	5058,342285
15,61478901	7,91194725	5064,46875
15,51276684	7,919063091	5070,59375
15,41078472	7,939216614	5076,712891
15,30891705	7,962831497	5082,822266
15,20687485	7,9781847	5088,944824
15,10482216	7,986085892	5095,067383
15,00286388	7,986882687	5101,188477
14,90092468	7,990336418	5107,303223
14,79890728	7,996291637	5113,427734
14,69692898	8,007927895	5119,541992
14,59488106	8,013526917	5125,666504
14,49284267	8,019465446	5131,790039
14,39086151	8,027365685	5137,908203
14,2888298	8,037651062	5144,030273
14,18684769	8,045446396	5150,148438
14,08487415	8,058069229	5156,267578
13,98298073	8,067173004	5162,383789
13,88105869	8,079947472	5168,49707
13,77908134	8,091892242	5174,614746
13,67702198	8,100986481	5180,740234
13,57492161	8,110426903	5186,865723
13,47293472	8,110795021	5192,983398
13,37103558	8,115427017	5199,099609
13,2690115	8,123706818	5205,219727
13,16705799	8,148386002	5211,336914
13,06511688	8,158742905	5217,453125
12,96308327	8,164215088	5223,574707
12,86112022	8,167992592	5229,693848
12,75912571	8,173157692	5235,812988
12,65707493	8,178496361	5241,937012
12,55506706	8,18555069	5248,056152
12,45311642	8,190297127	5254,173828
12,3510704	8,201259613	5260,296387
12,24918842	8,214215279	5266,409668
12,14716434	8,2277174	5272,530273
12,04513359	8,234633446	5278,652832
11,94303703	8,242462158	5284,776367
11,84111786	8,246213913	5290,895508
11,73909187	8,254997253	5297,015625
11,63715935	8,268296242	5303,134277
11,53514767	8,274991035	5309,251953
11,43311119	8,280329704	5315,375
11,33108616	8,28571701	5321,498047
11,22903061	8,290590286	5327,619629
11,12714291	8,295012474	5333,734863
11,02522469	8,300573349	5339,848633
10,92313862	8,303873062	5345,976563
10,82112503	8,316220284	5352,095215
10,71920204	8,329455376	5358,211426
10,61715889	8,34056282	5364,333984
10,51520061	8,349480629	5370,452148
10,41315174	8,368003845	5376,574707
10,31110668	8,375071526	5382,69873
10,20906639	8,38497448	5388,820801
10,10700512	8,395486832	5394,945313
10,00496387	8,404953003	5401,065918
9,902926445	8,412590027	5407,188477
9,800871849	8,422883987	5413,312988
9,698924065	8,435031891	5419,427734
9,596925735	8,439026833	5425,550293
9,494807243	8,443221092	5431,676758
9,392834663	8,45219326	5437,796387
9,2908144	8,467739105	5443,915527
9,188772202	8,480330467	5450,040039
9,086717606	8,486496925	5456,162109
8,984713554	8,491819382	5462,28125
8,882658958	8,505149841	5468,40625
8,780585289	8,511158943	5474,530762
8,678561211	8,517416954	5480,652832
8,576631546	8,529477119	5486,768066
8,474627495	8,542657852	5492,887207
8,372562408	8,550392151	5499,009766
8,270501137	8,562112808	5505,132813
8,168477058	8,571938515	5511,256348
8,066502571	8,576212883	5517,372559
7,964576721	8,576312065	5523,491211
7,862520218	8,57780838	5529,614746
7,760444164	8,586688995	5535,739746
7,658519745	8,593862534	5541,855469
7,556611061	8,599332809	5547,967285
7,454718113	8,602220535	5554,08252
7,352853298	8,605390549	5560,194336
7,250739098	8,606538773	5566,322754
7,148650169	8,608664513	5572,445313
7,046719074	8,609140396	5578,564941
6,94477129	8,610731125	5584,679688
6,842719078	8,614728928	5590,804199
6,740739346	8,617606163	5596,921387
6,638813019	8,618613243	5603,038086
6,536761284	8,62083149	5609,158691
6,434827805	8,620769501	5615,277344
6,332770348	8,619102478	5621,401855
6,230672836	8,617062569	5627,526855
6,128633499	8,617712021	5633,648438
6,02655983	8,616453171	5639,773438
5,924473286	8,614366531	5645,896973
5,822426319	8,613361359	5652,020508
5,720527172	8,612632751	5658,131348
5,618519306	8,611021042	5664,254395
5,516568661	8,60838604	5670,371582
5,414590359	8,606131554	5676,492188
5,312644482	8,603549004	5682,608398
5,210622311	8,598096848	5688,729004
5,10857296	8,594693184	5694,853027
5,006631851	8,58798027	5700,96875
