scan 1105/12/202208:57:21		
temp(degC)	power	time(seconds)
5,154221535	401,6715088	8,157477379
5,256433487	348,9569397	14,28038692
5,357534409	281,8245544	20,40166855
5,458380699	232,2106934	26,51907158
5,559222221	191,4941101	32,64470673
5,660028458	155,4529419	38,76694489
5,760808945	123,5659943	44,88822937
5,861553669	96,08998108	51,0068512
5,962289333	73,06182098	57,12129593
6,063140869	54,2205658	63,24479294
6,164047718	39,16141891	69,3687973
6,26499033	27,33406067	75,49332428
6,365929604	18,17062569	81,61600494
6,466854572	11,17375088	87,73394775
6,567956924	5,924978733	93,86038208
6,668937683	2,015225649	99,97637939
6,769979477	-0,834240913	106,0974808
6,871110439	-2,872035503	112,2185364
6,97228384	-4,294924736	118,3389969
7,073444366	-5,263075829	124,4588928
7,174717903	-5,879342556	130,5838165
7,276175022	-6,215778828	136,7171936
7,377473831	-6,351211548	142,83815
7,478743076	-6,367289066	148,9562378
7,580010414	-6,305038929	155,0723572
7,681426525	-6,179698944	161,1986542
7,782622814	-5,99023819	167,3056183
7,8841362	-5,790637493	173,4352417
7,985667229	-5,557648659	179,5579224
8,087043762	-5,329076767	185,6751251
8,188476563	-5,069449425	191,7922363
8,289950371	-4,842544556	197,9135132
8,391475677	-4,622682095	204,0311737
8,492949486	-4,418989182	210,1496582
8,594531059	-4,225877762	216,2736359
8,696163177	-4,058728695	222,3958282
8,797773361	-3,927957296	228,5175476
8,899374008	-3,778814077	234,6374207
9,001032829	-3,619914055	240,7610931
9,102589607	-3,48013854	246,8749084
9,204175949	-3,367661953	252,9920044
9,305743217	-3,245057821	259,1073608
9,407546997	-3,148879766	265,2347107
9,509394646	-3,060405731	271,364624
9,611101151	-2,97319746	277,4851074
9,71274662	-2,885186672	283,6011963
9,81449604	-2,809696436	289,7246094
9,916237831	-2,747830868	295,844696
10,01810169	-2,694832087	301,9707947
10,11989498	-2,655216932	308,0935974
10,22169209	-2,624075413	314,2172852
10,32341766	-2,599359751	320,333313
10,42514801	-2,566028595	326,4530945
10,52707195	-2,520630121	332,5800781
10,6288166	-2,473949432	338,6972656
10,73067379	-2,415015459	344,8200378
10,83244419	-2,358583689	350,9371643
10,93423176	-2,280933857	357,0559387
11,03604603	-2,219838858	363,1737671
11,13786221	-2,149813652	369,2946167
11,23967743	-2,079243898	375,4151917
11,3415308	-2,009657621	381,5332947
11,44336224	-1,945636749	387,6527405
11,54517651	-1,89106977	393,7687073
11,64706421	-1,818498611	399,8919983
11,74897194	-1,764937997	406,0135193
11,85090637	-1,716114759	412,1360779
11,9527483	-1,666901469	418,2555237
12,05473423	-1,604152799	424,381073
12,15669823	-1,547154903	430,5073242
12,25852108	-1,487544656	436,6213074
12,36041164	-1,452136159	442,7420349
12,46240902	-1,399774075	448,8702087
12,56429386	-1,360618472	454,9876099
12,66613579	-1,324236393	461,1047974
12,76812172	-1,288176298	467,2277832
12,86997604	-1,235844612	473,3433533
12,97197533	-1,192528486	479,4709778
13,07399845	-1,169808388	485,5953369
13,17591	-1,143902779	491,7140808
13,27786922	-1,113571286	497,8353882
13,37981129	-1,088582754	503,9582214
13,48172283	-1,068462133	510,0746155
13,58381462	-1,034920692	516,2049561
13,68579674	-0,996913075	522,3283691
13,78777599	-0,966215611	528,4506226
13,88973522	-0,946447492	534,5735474
13,99167061	-0,922977865	540,6903076
14,09363842	-0,903890848	546,8134766
14,19564819	-0,886040151	552,9371338
14,2975359	-0,872359455	559,0500488
14,39933586	-0,841748774	565,1638794
14,50126362	-0,81791079	571,2833252
14,60325336	-0,792310178	577,406311
14,70519924	-0,775443614	583,5240479
14,80729008	-0,75475955	589,6524658
14,90919209	-0,736060917	595,7698364
15,01123047	-0,716735482	601,8926392
15,11323929	-0,701782882	608,0151978
15,21515369	-0,684205234	614,1326904
15,31714916	-0,663666964	620,2530518
15,41908169	-0,653784275	626,3716431
15,52099228	-0,64334178	632,4885254
15,6229248	-0,62405318	638,605896
15,72473812	-0,615188539	644,718811
15,82675838	-0,607215285	650,8401489
15,92874718	-0,590651751	656,961792
16,03076744	-0,576570332	663,0837402
16,1329155	-0,567554235	669,2127686
16,23492241	-0,558091283	675,3348999
16,33680344	-0,536875844	681,4486084
16,43873978	-0,516284823	687,5657349
16,54067612	-0,510129988	693,6844482
16,64272881	-0,502615452	699,8095093
16,74464989	-0,49107337	705,9249268
16,84667397	-0,484412193	712,0466919
16,94857216	-0,475066245	718,1618042
17,05060196	-0,471213669	724,2854004
17,15257835	-0,462003082	730,4075928
17,25449944	-0,452771157	736,5212402
17,35640907	-0,443107963	742,6373291
17,45836067	-0,434332699	748,755188
17,56030655	-0,417183578	754,8718262
17,66223907	-0,404183835	760,9903564
17,76422882	-0,395961314	767,1116333
17,86634254	-0,390407294	773,237915
17,96837616	-0,383264303	779,3580933
18,07037735	-0,379061133	785,4815674
18,17234802	-0,384168416	791,5982056
18,27431488	-0,379610658	797,7175293
18,37634468	-0,367123723	803,8405151
18,47827721	-0,361437052	809,9553833
18,58024025	-0,356588304	816,0727539
18,6821785	-0,354515165	822,1900024
18,7842083	-0,352240443	828,3104858
18,88628197	-0,352030277	834,437439
18,98826599	-0,352048457	840,5539551
19,09032249	-0,353488475	846,678833
19,19235611	-0,354883462	852,7992554
19,29446411	-0,356852949	858,9263306
19,39643669	-0,359349072	865,0446167
19,49840546	-0,36084047	871,1619873
19,60045242	-0,363948047	877,2868042
19,70241165	-0,367242336	883,404541
19,8043766	-0,372113913	889,5199585
19,90649986	-0,37276724	895,6471558
20,00844002	-0,372961015	901,7657471
20,11040878	-0,376148164	907,8812866
20,21236992	-0,380418837	913,9991455
20,31432915	-0,38426438	920,1173096
20,41629791	-0,385419995	926,2346802
20,51833153	-0,389298469	932,3552246
20,62024307	-0,394285202	938,4724121
20,72229576	-0,398887873	944,5961304
20,82424545	-0,402907521	950,7147217
20,92630386	-0,407132834	956,8359985
21,02827454	-0,41414395	962,9577637
21,13025475	-0,414882272	969,0766602
21,23222351	-0,411411524	975,1912842
21,33421326	-0,410252631	981,314209
21,43628693	-0,409335822	987,4379272
21,53828239	-0,412877798	993,5570679
21,64030266	-0,415522367	999,6784668
21,74229622	-0,417636424	1005,79718
21,84423447	-0,41951257	1011,915039
21,94629669	-0,427700758	1018,037292
22,04817772	-0,437044173	1024,151001
22,15021133	-0,445908368	1030,271484
22,2521286	-0,450885534	1036,387573
22,35416603	-0,450891018	1042,511719
22,45614052	-0,453044713	1048,629761
22,5581646	-0,456760466	1054,751099
22,66021538	-0,456725508	1060,875977
22,76218033	-0,456144094	1066,992188
22,86408997	-0,456838399	1073,106445
22,96616364	-0,453769237	1079,230347
23,06824303	-0,45088309	1085,354492
23,17017174	-0,451297581	1091,470337
23,27216148	-0,452132642	1097,589722
23,3741703	-0,452378243	1103,712646
23,4761219	-0,451307416	1109,827148
23,57808304	-0,450478792	1115,949341
23,68011093	-0,450788707	1122,068726
23,78213692	-0,451672405	1128,190063
23,88409996	-0,449621409	1134,311157
23,98616409	-0,448616982	1140,43457
24,08819962	-0,449162632	1146,554932
24,19015312	-0,447932392	1152,675781
24,29209709	-0,44683516	1158,788696
24,39411354	-0,446796417	1164,911377
24,49613571	-0,44598636	1171,032837
24,59815025	-0,441272259	1177,154419
24,70012283	-0,433395177	1183,273071
24,80224037	-0,430732936	1189,400391
24,90425682	-0,429572284	1195,521606
25,00624275	-0,424002409	1201,639038
25,10829353	-0,42010507	1207,764038
25,21038437	-0,418122947	1213,888062
25,31239128	-0,412057161	1220,007935
25,41445351	-0,392770857	1226,131104
25,51655579	-0,380699664	1232,259155
25,61853218	-0,374426216	1238,375732
25,72055054	-0,375549912	1244,498169
25,82262421	-0,37269634	1250,620972
25,92461205	-0,366688222	1256,743896
26,02677917	-0,366041869	1262,872925
26,12880898	-0,356710523	1268,996216
26,23080063	-0,352111101	1275,112671
26,33286285	-0,347308785	1281,236938
26,43479538	-0,340695053	1287,353027
26,5367794	-0,337014765	1293,47229
26,6387291	-0,329717845	1299,589722
26,74066162	-0,323559463	1305,705933
26,84262848	-0,312390953	1311,822754
26,94458199	-0,286952883	1317,940186
27,04651642	-0,273403376	1324,056519
27,14853859	-0,275950432	1330,179199
27,25052452	-0,281561345	1336,297241
27,3525753	-0,268292487	1342,421021
27,45453453	-0,259767413	1348,539673
27,55659103	-0,270674944	1354,660034
27,65852547	-0,26674515	1360,777466
27,76047516	-0,245144561	1366,893311
27,86242294	-0,216153815	1373,011597
27,96439552	-0,196727857	1379,127686
28,06644249	-0,18761608	1385,251831
28,16831398	-0,165594116	1391,36499
28,27032471	-0,150841042	1397,486572
28,37229347	-0,142972067	1403,602295
28,47423744	-0,122650735	1409,719482
28,57626915	-0,115292028	1415,839722
28,67825127	-0,115398981	1421,960815
28,78022385	-0,101534411	1428,077393
28,88227081	-0,083871931	1434,202515
28,98431587	-0,058002107	1440,325317
29,08625793	-0,038176756	1446,439087
29,18819809	-0,015570405	1452,557861
29,29018021	0,033759043	1458,674927
29,39209938	0,060093459	1464,792114
29,49413872	0,069954649	1470,91333
29,5962162	0,07881397	1477,037842
29,69822502	0,089729808	1483,160522
29,80017281	0,088863067	1489,276123
29,90219879	0,085271478	1495,397705
30,00418663	0,070802398	1501,517578
30,10616493	0,059748586	1507,634644
30,2082119	0,066782668	1513,758789
30,31015587	0,086466633	1519,873901
30,41226959	0,106531516	1526,000122
30,51414108	0,125589877	1532,113403
30,61611366	0,138207629	1538,233276
30,71805573	0,147631481	1544,347778
30,82004738	0,161735684	1550,466675
30,9219799	0,180361226	1556,583618
31,02400589	0,198983982	1562,706543
31,12605858	0,217275366	1568,8302
31,22808838	0,235376045	1574,950684
31,33011246	0,275805563	1581,074219
31,43207169	0,297253072	1587,190552
31,53405762	0,308684289	1593,309448
31,63602829	0,340025902	1599,428467
31,7379818	0,36062026	1605,546021
31,84008789	0,368485987	1611,670288
31,94210052	0,382661998	1617,793701
32,04403687	0,386631995	1623,908813
32,14610291	0,392951876	1630,034424
32,24807358	0,416714936	1636,146851
32,34996796	0,43864575	1642,263306
32,45195389	0,46862334	1648,384155
32,5540657	0,490661323	1654,509033
32,65615845	0,501659989	1660,635986
32,75806808	0,497476041	1666,749756
32,86001968	0,486706823	1672,86853
32,96211243	0,482102901	1678,992065
33,06412888	0,494872242	1685,114868
33,16607666	0,497308791	1691,231079
33,26803589	0,504592061	1697,349243
33,36997986	0,523724973	1703,466919
33,47202682	0,555937469	1709,589111
33,57400131	0,574859262	1715,706421
33,67591476	0,590032697	1721,820068
33,77794266	0,611412466	1727,943115
33,87994766	0,644886136	1734,064819
33,98189163	0,702323139	1740,179688
34,08385849	0,732598245	1746,298218
34,18596649	0,737750769	1752,426392
34,28793335	0,743747294	1758,542603
34,38990784	0,748736978	1764,660767
34,4919281	0,748514175	1770,783447
34,59379959	0,754943192	1776,892822
34,69584656	0,769424617	1783,01709
34,7979126	0,780298173	1789,141357
34,89987564	0,783378303	1795,260254
35,00188065	0,787354052	1801,380005
35,1038475	0,792158961	1807,499023
35,20588303	0,816446662	1813,619507
35,30797958	0,856831253	1819,745361
35,41002655	0,896372616	1825,869751
35,51205444	0,930318177	1831,98999
35,61399841	0,949070871	1838,106323
35,71603012	0,968661368	1844,229004
35,81806564	0,974384367	1850,352905
35,92015457	0,981250644	1856,475586
36,02207947	0,998701811	1862,594727
36,12405014	1,002321839	1868,709961
36,22607803	0,991556466	1874,832764
36,32815552	0,993670881	1880,956543
36,43008804	1,004232049	1887,071167
36,53204727	1,055372953	1893,191284
36,63389969	1,090454221	1899,30188
36,73592758	1,11184144	1905,423096
36,83787918	1,121714115	1911,540527
36,93994522	1,133105874	1917,664551
37,04197311	1,14512372	1923,785889
37,14395142	1,165696144	1929,905396
37,24599838	1,205487251	1936,029419
37,34812927	1,219133973	1942,156006
37,45001221	1,228385091	1948,266846
37,55194092	1,245929599	1954,384277
37,65389252	1,245954156	1960,501465
37,75587463	1,238321424	1966,62085
37,85781097	1,244930983	1972,738159
37,95986938	1,276981354	1978,858643
38,06193542	1,321594715	1984,984619
38,16395187	1,355995178	1991,104248
38,26589966	1,374117017	1997,221191
38,36798096	1,382792234	2003,347412
38,46995926	1,408378959	2009,46521
38,57197571	1,441757441	2015,587402
38,6740303	1,463498473	2021,710205
38,77593994	1,473054528	2027,825317
38,87792206	1,475649238	2033,942017
38,98006439	1,492670894	2040,070313
39,08212662	1,521456599	2046,193604
39,18405151	1,529518485	2052,309326
39,28613281	1,534228325	2058,434326
39,38813019	1,515498519	2064,555176
39,49014282	1,497509599	2070,674316
39,59219742	1,496867537	2076,797119
39,69414139	1,510998607	2082,914551
39,79610825	1,532877564	2089,032471
39,89818573	1,562358379	2095,156494
40,00020599	1,58930254	2101,279541
40,10227966	1,612465382	2107,404297
40,20428467	1,612635255	2113,522461
40,30624771	1,615662456	2119,642334
40,40819168	1,623890281	2125,756836
40,51014328	1,633604765	2131,875488
40,61200333	1,660995126	2137,987305
40,71395493	1,708855629	2144,104004
40,81591034	1,739027262	2150,222656
40,91794205	1,75331986	2156,343018
41,01992035	1,77718854	2162,46167
41,12184906	1,794314742	2168,576172
41,22381592	1,796232462	2174,696289
41,32577515	1,809776187	2180,812012
41,4276123	1,813724399	2186,922607
41,5296402	1,80541718	2193,045898
41,63169098	1,801986575	2199,168213
41,73368073	1,806059241	2205,28833
41,83565521	1,822019577	2211,407959
41,93769073	1,841929436	2217,528564
42,03970718	1,854877234	2223,648926
42,14179611	1,879909039	2229,772949
42,24383163	1,911846161	2235,895996
42,34587097	1,941527247	2242,018555
42,44789886	1,976133585	2248,139648
42,54988861	2,01347518	2254,260742
42,65193176	2,036369085	2260,387207
42,75395584	2,039419413	2266,503662
42,85591507	2,018331766	2272,622803
42,95796585	2,012841463	2278,743896
43,05981445	2,017197609	2284,854492
43,16173553	2,017760515	2290,971191
43,26373291	2,034496546	2297,090088
43,36567688	2,065302134	2303,207031
43,46763611	2,084785223	2309,324463
43,56970978	2,092029095	2315,447998
43,67171097	2,095653057	2321,570068
43,7737236	2,111347198	2327,687012
43,87565231	2,128595114	2333,804932
43,97760773	2,143058777	2339,92041
44,07955551	2,192175388	2346,040039
44,18170166	2,243124485	2352,169434
44,28383636	2,265555859	2358,296387
44,38589478	2,273715734	2364,419678
44,48786163	2,300284147	2370,537354
44,58985519	2,324349403	2376,65918
44,6919632	2,340071917	2382,784668
44,79402542	2,346008301	2388,906982
44,89610291	2,369165659	2395,031982
44,99820328	2,399865389	2401,155518
45,10025787	2,417673588	2407,278564
45,20219421	2,430020332	2413,394531
45,30416107	2,446872234	2419,514648
45,40620422	2,490808725	2425,637939
45,50817108	2,515561342	2431,752686
45,61010742	2,521790266	2437,871582
45,71203995	2,535618782	2443,987061
45,8140831	2,536407948	2450,111328
45,91608429	2,532401085	2456,228027
46,01803589	2,526587009	2462,348877
46,12006378	2,534969091	2468,470459
46,22211838	2,539258003	2474,59082
46,32420731	2,547924995	2480,717041
46,42618561	2,548328161	2486,835693
46,52819061	2,551532745	2492,954834
46,63019562	2,537623882	2499,075684
46,73231888	2,536560297	2505,203857
46,83434677	2,551253796	2511,325439
46,93628693	2,571719408	2517,440918
47,03833008	2,562906981	2523,563232
47,14039993	2,569993496	2529,687012
47,24242783	2,612662077	2535,809814
47,3443718	2,640240669	2541,927002
47,44643021	2,662407875	2548,050049
47,54840851	2,690990448	2554,166992
47,65033722	2,731609106	2560,283203
47,752285	2,767361879	2566,4021
47,85427856	2,777903557	2572,519775
47,95617676	2,788799524	2578,63501
48,0582428	2,797177076	2584,759766
48,16027069	2,800944805	2590,880127
48,26224136	2,819867611	2596,999756
48,36422729	2,852046967	2603,116943
48,46627045	2,857388735	2609,239502
48,5683136	2,8641119	2615,363525
48,67035675	2,882898808	2621,486084
48,77243805	2,890136003	2627,608887
48,87443924	2,8958776	2633,730225
48,97631073	2,921411514	2639,843262
49,07833099	2,940766573	2645,964111
49,18028641	2,968432665	2652,082275
49,28226089	2,988431215	2658,199463
49,38430405	3,011473894	2664,322266
49,48635101	3,047741413	2670,445313
49,58830261	3,101553917	2676,562744
49,69025421	3,106301069	2682,679443
49,79230499	3,103633881	2688,804199
49,89424896	3,104092836	2694,919434
49,99618912	3,13245225	2701,0354
50,09817123	3,15574789	2707,155762
50,20013809	3,175228119	2713,271973
50,30209351	3,2102561	2719,387939
50,40411758	3,234521151	2725,51123
50,50606918	3,263014555	2731,629395
50,60810089	3,262052298	2737,750732
50,71016693	3,265361547	2743,875732
50,81230927	3,291240931	2750,001709
50,91435623	3,308612585	2756,125977
51,01634216	3,319278955	2762,246338
51,11836624	3,34968853	2768,366699
51,2203331	3,390637159	2774,48291
51,32226181	3,414743423	2780,599121
51,42421722	3,424047709	2786,718506
51,52624893	3,447282314	2792,838379
51,62831879	3,457374334	2798,963379
51,73032379	3,466182709	2805,083496
51,83233643	3,493951321	2811,204102
51,93439102	3,530614376	2817,326904
52,03634644	3,547740459	2823,444336
52,13835907	3,550763607	2829,56543
52,24045181	3,554275513	2835,692871
52,34248352	3,576299906	2841,813232
52,44450378	3,611136675	2847,936279
52,54657364	3,63553381	2854,058838
52,64860535	3,646539688	2860,179443
52,75060272	3,639362812	2866,303223
52,85275269	3,628390074	2872,430176
52,95471573	3,630818844	2878,546387
53,05671692	3,645638704	2884,668457
53,15874863	3,674993515	2890,79126
53,26079941	3,72034049	2896,913574
53,36291504	3,741954088	2903,039795
53,46496201	3,767068386	2909,161377
53,56699753	3,813467979	2915,284668
53,66904449	3,835584641	2921,408203
53,77114487	3,840751648	2927,533203
53,87311172	3,855682373	2933,651123
53,97505188	3,891360998	2939,768555
54,07710266	3,914210081	2945,892822
54,17913055	3,929592133	2952,012695
54,28126144	3,9540205	2958,141113
54,38326645	3,986988068	2964,260986
54,48522568	3,996433735	2970,375488
54,58726501	4,013178349	2976,499512
54,68925095	4,059111595	2982,618652
54,79118347	4,117273331	2988,736084
54,89314651	4,174410343	2994,85083
54,99506378	4,215657234	3000,969727
55,09704208	4,240939617	3007,086426
55,19898605	4,25055027	3013,205322
55,30110168	4,272593498	3019,332764
55,40316391	4,291539669	3025,458008
55,50511551	4,275200844	3031,571045
55,60706711	4,281862736	3037,688232
55,70902252	4,318355083	3043,806885
55,81109619	4,358689785	3049,930664
55,91309738	4,393296242	3056,049805
56,01510239	4,416905403	3062,17041
56,11712646	4,441895962	3068,293213
56,21907043	4,477239132	3074,408203
56,32102966	4,51041317	3080,526367
56,42308426	4,557432652	3086,64917
56,52513504	4,608422756	3092,770508
56,62707901	4,669879436	3098,88916
56,72909164	4,705493927	3105,009766
56,83117294	4,730395794	3111,134766
56,93310928	4,735447884	3117,249756
57,03515625	4,7530756	3123,373291
57,13729477	4,782864571	3129,50293
57,23938751	4,821309566	3135,626465
57,3413353	4,926858902	3141,746582
57,44327164	4,986624241	3147,861572
57,54522324	5,027543068	3153,978516
57,64719772	5,051566124	3160,095703
57,74914932	5,054525375	3166,212891
57,85114288	5,059095383	3172,332275
57,95315552	5,055113792	3178,453369
58,05512238	5,089738846	3184,570068
58,1570816	5,141823292	3190,690674
58,25902176	5,229252338	3196,80542
58,36096573	5,288500786	3202,921631
58,46292114	5,341142178	3209,04126
58,56492615	5,401155949	3215,160645
58,66698837	5,509032249	3221,28418
58,76896286	5,533629417	3227,40332
58,87091446	5,550388813	3233,51709
58,97288513	5,565800667	3239,639893
59,07489777	5,580724239	3245,758789
59,17705917	5,605985165	3251,887207
59,27910995	5,655209064	3258,010742
59,38108063	5,70916748	3264,131348
59,48318863	5,742413998	3270,256592
59,58525085	5,795463085	3276,380615
59,68719864	5,85594511	3282,495361
59,78917694	5,871147633	3288,614746
59,8911171	5,909138203	3294,732178
59,99311066	5,970730782	3300,85376
60,09508896	6,027247906	3306,969971
60,19710541	6,082723141	3313,090332
60,29899216	6,176785469	3319,204102
60,40097427	6,260380268	3325,322754
60,50289917	6,333236217	3331,439941
60,60495758	6,405538082	3337,562744
60,70692444	6,490037918	3343,680664
60,80908966	6,577716827	3349,810059
60,9110527	6,679423332	3355,93042
61,01307678	6,774847984	3362,049072
61,11512756	6,836071968	3368,17041
61,21707535	6,91517067	3374,289307
61,3191185	7,004910469	3380,411865
61,4210701	7,106286049	3386,529785
61,52305603	7,205489159	3392,648682
61,62511063	7,269920826	3398,769043
61,7271347	7,372844219	3404,892822
61,82905579	7,479339123	3411,007568
61,93103027	7,582227707	3417,127686
62,03303146	7,70467186	3423,245605
62,13504791	7,814017773	3429,367676
62,23709488	7,94157505	3435,491455
62,33895874	8,068847656	3441,60083
62,44098282	8,176817894	3447,72583
62,54295731	8,300374031	3453,84082
62,64490891	8,442163467	3459,957764
62,74687576	8,566874504	3466,074951
62,84883499	8,776455879	3472,195313
62,95082855	9,022779465	3478,314209
63,05289841	9,170502663	3484,437744
63,15488815	9,265175819	3490,554932
63,25683212	9,417866707	3496,67334
63,35884094	9,594948769	3502,794922
63,46101761	9,743385315	3508,924316
63,56306458	9,906043053	3515,047119
63,66511917	10,11210823	3521,170654
63,76727676	10,33838177	3527,300293
63,86932755	10,54198551	3533,422852
63,97129059	10,75923824	3539,540283
64,07318878	10,99173069	3545,655273
64,17523193	11,2404108	3551,779297
64,27721405	11,4361372	3557,894043
64,37914276	11,66635799	3564,012451
64,48113251	11,93202114	3570,130615
64,58316803	12,18872738	3576,253418
64,68519592	12,48363495	3582,376465
64,78726959	12,79559898	3588,499023
64,8891983	13,05321598	3594,616943
64,99117279	13,32015324	3600,735596
65,09310913	13,6197319	3606,85083
65,1950531	13,93156624	3612,966553
65,29696655	14,27035332	3619,084961
65,39897156	14,56731033	3625,202393
65,5009079	14,85039616	3631,318604
65,60288239	15,13710117	3637,437744
65,7049408	15,42776775	3643,562012
65,80696106	15,77483177	3649,682129
65,90911865	16,09660149	3655,814209
66,01124573	16,49525452	3661,94043
66,11320496	16,89501572	3668,056885
66,21530914	17,20492554	3674,182129
66,31730652	17,51989555	3680,304199
66,41934967	17,89979172	3686,42749
66,52138519	18,26348495	3692,547852
66,62338257	18,62771034	3698,667725
66,72541046	19,0202446	3704,790283
66,82753754	19,42859459	3710,917725
66,92953491	19,78030396	3717,036621
67,03148651	20,16230202	3723,1521
67,13341522	20,55800247	3729,269287
67,23538971	20,89932823	3735,387451
67,33734894	21,20964813	3741,505859
67,43948364	21,49756241	3747,632813
67,54141235	21,79341125	3753,748047
67,64346313	22,06453514	3759,87085
67,74541473	22,34603882	3765,989258
67,84739685	22,65031433	3772,106689
67,94940186	22,96909523	3778,230225
68,05141449	23,25494385	3784,351563
68,15355682	23,48666382	3790,481934
68,25557709	23,7041111	3796,598145
68,35762787	23,91084862	3802,722168
68,45965576	24,09172821	3808,846436
68,56171417	24,17526817	3814,967529
68,66377258	24,36058617	3821,090576
68,76580048	24,51172447	3827,213379
68,86782074	24,61280441	3833,336182
68,96982574	24,68471527	3839,45166
69,07189178	24,74220085	3845,576172
69,17389679	24,81175041	3851,69873
69,27594757	24,83314133	3857,820313
69,37792206	24,83656311	3863,939697
69,4800415	24,7986412	3870,065918
69,58192444	24,72201729	3876,179688
69,68403625	24,62421989	3882,306885
69,78606415	24,52515793	3888,42627
69,88799286	24,45119286	3894,542236
69,99008179	24,38593102	3900,669678
70,0920639	24,27640533	3906,788086
70,19410706	24,1346035	3912,911865
70,29615784	23,91357422	3919,034668
70,39820099	23,64377785	3925,158203
70,50018311	23,31340218	3931,2771
70,60217285	22,98996925	3937,395996
70,70426178	22,64558792	3943,520996
70,80622101	22,20977402	3949,638428
70,90829468	21,78858185	3955,76123
71,01023865	21,38114166	3961,878174
71,11225891	20,96734047	3968,001221
71,2142868	20,62276077	3974,123779
71,31626129	20,21958923	3980,241211
71,41841125	19,78126144	3986,369385
71,52036285	19,26808167	3992,488037
71,62245178	18,74863625	3998,611572
71,72452545	18,26066971	4004,737305
71,82642365	17,80865288	4010,851563
71,92850494	17,33439636	4016,975342
72,0306015	16,97759056	4023,101318
72,13266754	16,59911537	4029,226318
72,23464203	16,18991661	4035,344971
72,33664703	15,73784924	4041,466309
72,43869781	15,30980968	4047,587646
72,54079437	14,91223431	4053,713867
72,64290619	14,50998688	4059,840088
72,74490356	14,15755367	4065,962891
72,8469162	13,76815605	4072,079834
72,94888306	13,37452126	4078,199707
73,05101776	13,04218769	4084,327881
73,1530838	12,68484116	4090,452881
73,25510406	12,33086109	4096,569824
73,35703278	12,02050781	4102,6875
73,45899963	11,72386265	4108,806641
73,56104279	11,41562271	4114,929199
73,66312408	11,12670708	4121,053223
73,76512146	10,85392761	4127,172363
73,86714172	10,59974575	4133,291992
73,96915436	10,37074089	4139,415039
74,0710144	10,09238625	4145,526855
74,17298889	9,833780289	4151,642578
74,27490234	9,604439735	4157,76123
74,37683868	9,375721931	4163,875
74,47884369	9,143492699	4169,995605
74,58087158	8,955986023	4176,115723
74,68283081	8,806670189	4182,235352
74,78482819	8,632715225	4188,35498
74,88683319	8,455179214	4194,475098
74,98887634	8,286013603	4200,597168
75,09076691	8,150842667	4206,710449
75,19288635	7,999862194	4212,837891
75,29482269	7,836727142	4218,95459
75,39677429	7,68791008	4225,072266
75,49881744	7,550055027	4231,194336
75,60079193	7,364237785	4237,3125
75,70283508	7,247498512	4243,436035
75,80490112	7,135680676	4249,560547
75,90678406	7,018514633	4255,67334
76,00888824	6,902961254	4261,797852
76,11081696	6,796405792	4267,913574
76,21282196	6,684417248	4274,035645
76,31480408	6,580751419	4280,153809
76,41696167	6,459685802	4286,283691
76,51902008	6,395097733	4292,408203
76,62095642	6,333231926	4298,523438
76,7229538	6,245332241	4304,643066
76,82496643	6,143437386	4310,763184
76,92707062	6,053486824	4316,891602
77,02918243	5,97057724	4323,018555
77,1312027	5,904616833	4329,137207
77,23316956	5,827780724	4335,254883
77,33521271	5,764611244	4341,37793
77,43714905	5,694624424	4347,495605
77,53911591	5,632128716	4353,612793
77,6411438	5,588356972	4359,736816
77,74313354	5,537870407	4365,853516
77,84506989	5,499924183	4371,969727
77,94710541	5,439377785	4378,092285
78,04906464	5,386460304	4384,212402
78,15103149	5,338348389	4390,32666
78,25302124	5,263307095	4396,449707
78,35501862	5,208939552	4402,568359
78,45697021	5,187072754	4408,686035
78,55899048	5,158110142	4414,80957
78,66095734	5,114310265	4420,925293
78,76291656	5,09252882	4427,04248
78,86485291	5,085147381	4433,15918
78,96681213	5,059202671	4439,277832
79,06879425	5,034507751	4445,39502
79,17080688	5,002408981	4451,51709
79,2727356	4,985703468	4457,633301
79,37469482	4,970689297	4463,752441
79,47669983	4,950082302	4469,872559
79,57872772	4,924266338	4475,995117
79,68083954	4,910974503	4482,121582
79,78277588	4,907527924	4488,235352
79,88475037	4,902538776	4494,354004
79,98665619	4,904189587	4500,471191
80,08867645	4,906906128	4506,589355
80,19067383	4,893785	4512,713379
80,29273224	4,882239342	4518,833984
80,39476013	4,883856773	4524,95752
80,49671936	4,891947269	4531,07373
80,59867859	4,894979477	4537,193359
80,70072174	4,890995026	4543,315918
80,80266571	4,892767429	4549,432129
80,9046402	4,898382664	4555,554688
81,0067749	4,898991585	4561,680176
81,10879517	4,894738674	4567,800293
81,21081543	4,892969608	4573,922363
81,31280518	4,894240379	4580,040527
81,41475677	4,896279812	4586,157715
81,51669312	4,899580002	4592,273926
81,61865997	4,902416229	4598,393066
81,72070313	4,904557228	4604,516113
81,82276917	4,905628204	4610,639648
81,92478943	4,908247948	4616,760254
82,02677917	4,912677288	4622,881348
82,12884521	4,914514065	4629,005859
82,23095703	4,917121887	4635,129883
82,33287048	4,920051098	4641,246582
82,4348526	4,926673889	4647,365234
82,53683472	4,933113575	4653,484863
82,63874054	4,932829857	4659,598145
82,74079132	4,933648586	4665,72168
82,84278107	4,933425903	4671,84082
82,94482422	4,934087276	4677,962402
83,046875	4,933927536	4684,084961
83,14879608	4,931752205	4690,201172
83,2507782	4,93034935	4696,321289
83,35285187	4,930992603	4702,446777
83,45485687	4,930549622	4708,563965
83,55683136	4,932021618	4714,683105
83,65884399	4,932685375	4720,806641
83,76083374	4,933216572	4726,921875
83,862854	4,933917999	4733,04541
83,96482086	4,93312645	4739,162109
84,06684113	4,933237553	4745,28418
84,16880798	4,932752132	4751,401855
84,27075958	4,932435036	4757,519531
84,37271118	4,931639194	4763,634277
84,47475433	4,933801174	4769,757813
84,5767746	4,937838078	4775,881348
84,67877197	4,937908173	4781,998047
84,78069305	4,936506271	4788,116211
84,88271332	4,935245037	4794,233398
84,98461151	4,933169842	4800,351074
85,08657837	4,927092075	4806,467285
85,18852234	4,913313866	4812,583984
85,29047394	4,899518013	4818,700195
85,39250183	4,897826195	4824,824707
85,49455261	4,900764465	4830,947266
85,59662628	4,907853127	4837,070801
85,69857788	4,910131931	4843,188477
85,80056763	4,910899162	4849,303711
85,90254974	4,908866882	4855,42627
86,00453949	4,905648232	4861,542969
86,10641479	4,905902386	4867,655762
86,20832062	4,907319546	4873,771973
86,31039429	4,906415939	4879,895996
86,41244507	4,905032635	4886,018555
86,51443481	4,900430202	4892,137207
86,61637878	4,89256382	4898,25293
86,71831512	4,89008522	4904,370605
86,82028198	4,892225742	4910,486328
86,92240143	4,88979435	4916,614746
87,02436829	4,889968395	4922,733398
87,12631226	4,891091824	4928,850098
87,22829437	4,892756939	4934,96875
87,3302536	4,892223835	4941,086426
87,43226624	4,891907215	4947,20752
87,53424835	4,891823292	4953,325684
87,63617706	4,886387825	4959,443359
87,73815155	4,879349709	4965,558594
87,84008789	4,878978252	4971,677734
87,94215393	4,879182816	4977,802246
88,04407501	4,878236294	4983,91748
88,1460495	4,869933128	4990,03418
88,24798584	4,862426758	4996,150879
88,34992981	4,850576878	5002,26709
88,451828	4,843640804	5008,381836
88,55384827	4,836606026	5014,502441
88,65579987	4,833823681	5020,618164
88,75775909	4,834597111	5026,737793
88,85975647	4,832276821	5032,856445
88,96178436	4,8290658	5038,977051
89,06382751	4,828198433	5045,099609
89,16575623	4,830177307	5051,216309
89,26780701	4,828979492	5057,339844
89,36975861	4,828984261	5063,456543
89,4718399	4,831928253	5069,580566
89,57376862	4,831977367	5075,699219
89,6758194	4,827039242	5081,819336
89,77776337	4,825044155	5087,938965
89,87979126	4,821407795	5094,060547
89,9818573	4,813423157	5100,182129
90,0838089	4,808712959	5106,300293
90,18577576	4,812610626	5112,416504
90,2877121	4,813736916	5118,535156
90,38977051	4,812872887	5124,656738
90,49169922	4,812393188	5130,773438
90,59378815	4,809147358	5136,898926
90,69571686	4,804805756	5143,013184
90,79774475	4,800535202	5149,135254
90,8997879	4,794229984	5155,258301
91,00184631	4,794198513	5161,384277
91,10383606	4,789990425	5167,500488
91,20587158	4,781591892	5173,623047
91,30792236	4,777280807	5179,745605
91,40985107	4,776893616	5185,863281
91,51182556	4,778321743	5191,98291
91,61376953	4,778118134	5198,097656
91,71575165	4,773977757	5204,219238
91,81775665	4,771089077	5210,336914
91,91971588	4,771765232	5216,457031
92,02180481	4,767039299	5222,577148
92,12386322	4,765182018	5228,703125
92,22579956	4,764184475	5234,820801
92,32781982	4,760629654	5240,939941
92,42977905	4,750618458	5247,057617
92,53172302	4,743615627	5253,175293
92,63372803	4,736222267	5259,297363
92,73574066	4,718052864	5265,414551
92,83766174	4,701030731	5271,533203
92,9396286	4,687701702	5277,651367
93,04167175	4,682864666	5283,773926
93,14365387	4,661692619	5289,890137
93,2455368	4,638604641	5296,005371
93,34751892	4,630637169	5302,123047
93,44948578	4,615127087	5308,243164
93,55143738	4,594183445	5314,357422
93,65338898	4,568444729	5320,479004
93,75534058	4,563390732	5326,592773
93,85727692	4,558053493	5332,709473
93,9592514	4,53953886	5338,827148
94,06121063	4,527009487	5344,943848
94,16326141	4,526737213	5351,067383
94,26524353	4,532469749	5357,189453
94,36735535	4,525372982	5363,314941
94,46936798	4,514903069	5369,433594
94,57143402	4,510075569	5375,560059
94,67351532	4,497031689	5381,682617
94,7755127	4,477440357	5387,802734
94,87751007	4,470999241	5393,922363
94,97953033	4,467605591	5400,043945
95,08159637	4,465915203	5406,168457
95,1835556	4,464058399	5412,282715
95,28560638	4,468527317	5418,407715
95,38761902	4,467560291	5424,528809
95,48950195	4,445514679	5430,641602
95,59155273	4,413664341	5436,765137
95,69359589	4,398579597	5442,88916
95,79556274	4,381937504	5449,005371
95,89762878	4,352446079	5455,131348
95,99962616	4,316689491	5461,250977
96,10167694	4,296938896	5467,37207
96,2036438	4,279798031	5473,492188
96,30563354	4,267278671	5479,608887
96,40776062	4,260415554	5485,738281
96,50960541	4,250400543	5491,847656
96,61172485	4,230249882	5497,977539
96,71386719	4,211477757	5504,106934
96,81578064	4,213397026	5510,220703
96,91764832	4,221973419	5516,331055
97,01960754	4,228151321	5522,448242
97,12174225	4,232813835	5528,57666
97,22385406	4,239997387	5534,70459
97,32576752	4,247280121	5540,820313
97,42765808	4,251291752	5546,932617
97,5296936	4,253864765	5553,055664
97,63175201	4,252155304	5559,178223
97,73378754	4,252708912	5565,300781
97,83582306	4,255663395	5571,421387
97,9378891	4,261582851	5577,548828
98,03988647	4,269237041	5583,666992
98,14193726	4,269013882	5589,787109
98,24385834	4,271686077	5595,903809
98,34578705	4,283725739	5602,019531
98,44784546	4,286405563	5608,14502
98,54984283	4,288291931	5614,262695
98,65190125	4,294700146	5620,385742
98,7538147	4,301912785	5626,501953
98,85585022	4,304048061	5632,623047
98,95798492	4,323156357	5638,75293
99,05997467	4,351965427	5644,871582
99,1619873	4,391080856	5650,992188
99,2640152	4,429523945	5657,114258
99,36600494	4,469470978	5663,235352
99,46803284	4,493583202	5669,354492
99,57002258	4,519731998	5675,475098
99,67195892	4,556594372	5681,591309
99,77388763	4,591687202	5687,708496
99,87583923	4,625759602	5693,824219
99,97784424	4,674444675	5699,944336
