scan 1905/12/202208:57:21		
temp(degC)	power	time(seconds)
5,117957592	377,0493164	6,121562958
5,222383022	374,2239685	12,24082947
5,323597908	301,9537964	18,36027145
5,424540043	247,3305359	24,48075485
5,525327206	204,5436554	30,60159111
5,626194	167,1159668	36,72641373
5,727005005	133,8053741	42,8500824
5,827755928	104,8124924	48,96608734
5,928520679	80,28461456	55,08790207
6,029444218	60,03426743	61,21392822
6,130243778	43,74455643	67,33236694
6,231201172	30,89083099	73,45500183
6,332122326	20,8786869	79,5777359
6,433000088	13,22018719	85,69287109
6,534011364	7,428954601	91,8156662
6,635100842	3,13228941	97,93933868
6,736210823	-0,040177688	104,0646286
6,837296486	-2,350818872	110,1814957
6,938417912	-3,954164743	116,3021469
7,039540291	-5,036633492	122,4193192
7,140712261	-5,780016422	128,5387573
7,241929054	-6,210934639	134,6582947
7,343215466	-6,423785686	140,7796631
7,444629192	-6,50143528	146,9049225
7,545992374	-6,457911968	153,028656
7,647278786	-6,346549988	159,1446075
7,748700142	-6,16756916	165,2677917
7,850091934	-5,963053703	171,3893433
7,951604366	-5,745278358	177,5143433
8,05312252	-5,504525661	183,6403351
8,154574394	-5,214927673	189,7575684
8,255972862	-4,977704048	195,8713684
8,357520103	-4,787866116	201,9949646
8,459086418	-4,602887154	208,1184845
8,5605793	-4,399890423	214,2338562
8,662092209	-4,231726646	220,353714
8,763789177	-4,077342987	226,4797211
8,86544323	-3,913270473	232,6028137
8,967072487	-3,747916937	238,7252197
9,068796158	-3,589490175	244,8476563
9,170474052	-3,459304094	250,9718018
9,272147179	-3,35150218	257,0934448
9,373940468	-3,2451756	263,2237244
9,475675583	-3,155783176	269,3453979
9,577488899	-3,059720278	275,4704285
9,679115295	-2,976107836	281,5872498
9,780799866	-2,89294982	287,7059937
9,88255024	-2,824643373	293,8272705
9,984262466	-2,770908117	299,946106
10,08595467	-2,726377487	306,0640564
10,18775558	-2,693058252	312,1859741
10,28942013	-2,665813208	318,2976074
10,39111042	-2,636529684	324,4124146
10,49284935	-2,584993839	330,532959
10,59463024	-2,519974947	336,6502686
10,6963768	-2,460870981	342,7688293
10,79823685	-2,394400597	348,8929749
10,90005589	-2,328009129	355,0095215
11,00174332	-2,261868238	361,1247864
11,10372353	-2,191798687	367,2518921
11,20542717	-2,13036418	373,3625183
11,30720425	-2,052914381	379,4792786
11,40902805	-1,97495842	385,5980835
11,51077557	-1,903798342	391,7121887
11,61270618	-1,841960192	397,8356934
11,7145462	-1,766787052	403,9550781
11,81629944	-1,710980058	410,0655518
11,91821003	-1,659653783	416,1897278
12,02003384	-1,597041368	422,3044434
12,12186909	-1,534127474	428,4250793
12,22371292	-1,480970144	434,5387878
12,32556915	-1,442380667	440,6575928
12,42752838	-1,391402841	446,7838135
12,52955532	-1,339252472	452,9107971
12,6313982	-1,291532993	459,0270996
12,73336124	-1,257634521	465,1486511
12,83527184	-1,214405417	471,2724304
12,93721771	-1,165974498	477,3905945
13,03922939	-1,135374069	483,5176697
13,14110565	-1,10112226	489,6361084
13,24302387	-1,064996481	495,7534485
13,34504795	-1,033342481	501,8797302
13,44699287	-1,00546062	508,000061
13,54893494	-0,98408711	514,1204224
13,65081596	-0,941272199	520,2390137
13,7527914	-0,908344567	526,3609009
13,85469246	-0,878546596	532,479126
13,95668888	-0,859697998	538,6027832
14,05868912	-0,83567363	544,7252808
14,16058636	-0,804449499	550,8427124
14,26259327	-0,781706989	556,9656372
14,36440659	-0,755307317	563,0767212
14,46641827	-0,731206834	569,2022705
14,56829453	-0,706906676	575,3191528
14,67020035	-0,697027564	581,4320068
14,77220154	-0,674376309	587,5532837
14,87413216	-0,652671516	593,6733398
14,97608089	-0,626334846	599,7924805
15,07808495	-0,610231698	605,9146118
15,18007374	-0,586119652	612,0361938
15,28201962	-0,567873061	618,1519775
15,38393784	-0,552930534	624,269104
15,48586655	-0,541622281	630,3878784
15,58783913	-0,529476166	636,5105591
15,68989468	-0,519952476	642,6331177
15,79195786	-0,51631391	648,7579346
15,89402676	-0,515108943	654,8817139
15,99604416	-0,500692844	661,0053711
16,09807396	-0,489158988	667,1282959
16,20005608	-0,489558339	673,2478027
16,30203438	-0,489114583	679,3661499
16,40404892	-0,487449825	685,4901733
16,506073	-0,48789537	691,6105347
16,60811043	-0,492696226	697,7328491
16,7101059	-0,496143013	703,8546753
16,81204033	-0,492817789	709,9710083
16,91394997	-0,49497363	716,0872803
17,01587486	-0,499571979	722,2022095
17,11790085	-0,502572	728,3261719
17,21970367	-0,505011737	734,4367065
17,32178497	-0,507735729	740,5628052
17,42375755	-0,510348201	746,6796265
17,52577591	-0,511417031	752,8016357
17,62779427	-0,512062967	758,9244995
17,72982407	-0,513201118	765,0458984
17,83197594	-0,516229689	771,1740723
17,9338913	-0,520295858	777,2914429
18,03583908	-0,524167776	783,409668
18,13800621	-0,52722019	789,541687
18,24003792	-0,530176401	795,6606445
18,34199715	-0,529979646	801,78125
18,44408417	-0,531489253	807,9068604
18,54602242	-0,537184954	814,0233765
18,64811897	-0,543420196	820,1494751
18,75003624	-0,547763824	826,2633057
18,85196877	-0,548300683	832,382019
18,95400429	-0,558074772	838,5056763
19,05598259	-0,564843655	844,625061
19,15794373	-0,564962804	850,7422485
19,26002312	-0,562049091	856,8677979
19,36217499	-0,561358273	862,9961548
19,46409798	-0,561028957	869,1126099
19,56622505	-0,562547326	875,2387695
19,66827393	-0,566601396	881,3646851
19,77027321	-0,572286844	887,4845581
19,87220383	-0,572829664	893,598999
19,97413826	-0,570595562	899,7153931
20,07608032	-0,571815133	905,8334351
20,17806625	-0,574300647	911,9544067
20,2800808	-0,576392233	918,0733032
20,38200188	-0,576863587	924,1888428
20,48405647	-0,578555167	930,3148193
20,58600235	-0,580237985	936,4317017
20,68805695	-0,579744637	942,5562134
20,79008865	-0,577272177	948,6751709
20,89206314	-0,576007307	954,7945557
20,99399376	-0,574858308	960,9106445
21,09604645	-0,572567046	967,0337524
21,19799232	-0,572207451	973,1540527
21,30003548	-0,571913004	979,2733154
21,40200806	-0,571158111	985,3931885
21,50404358	-0,569094777	991,5144043
21,60597801	-0,567923069	997,6306152
21,70804977	-0,568539619	1003,755859
21,80999184	-0,567281902	1009,872681
21,91194725	-0,563161612	1015,991333
22,01400375	-0,562544107	1022,113892
22,11609459	-0,563283324	1028,237671
22,21798706	-0,563486516	1034,352905
22,31997108	-0,562182069	1040,470947
22,42199707	-0,560015261	1046,594727
22,52401543	-0,557498693	1052,717041
22,62590599	-0,559089601	1058,828491
22,72782135	-0,558330297	1064,944214
22,82969856	-0,558570266	1071,053589
22,93154526	-0,558714211	1077,168945
23,03351402	-0,549679041	1083,285278
23,13542938	-0,535058379	1089,39978
23,23738289	-0,517690361	1095,519775
23,33942604	-0,499068767	1101,642212
23,44150162	-0,486485392	1107,76355
23,54358864	-0,487478375	1113,889648
23,64570618	-0,489448994	1120,017944
23,74772835	-0,486021072	1126,138672
23,8497467	-0,478354901	1132,261597
23,9516983	-0,464564979	1138,37793
24,05377388	-0,460327148	1144,502197
24,15572166	-0,455897152	1150,618652
24,25776482	-0,451168001	1156,741455
24,35970688	-0,4477171	1162,858643
24,46173286	-0,449760079	1168,978882
24,56382561	-0,446541131	1175,105103
24,66576958	-0,441222101	1181,223511
24,76774406	-0,430674136	1187,340942
24,86965752	-0,420057207	1193,456909
24,97170067	-0,407908976	1199,577515
25,07368279	-0,3894445	1205,699585
25,17583466	-0,376363814	1211,828125
25,27789879	-0,370792955	1217,953613
25,37988472	-0,372554779	1224,068115
25,48171997	-0,374991953	1230,181152
25,58362579	-0,369763404	1236,294067
25,68559265	-0,367534012	1242,413452
25,78770447	-0,3553406	1248,540527
25,88967323	-0,348692209	1254,658203
25,99162102	-0,342892498	1260,773804
26,09359169	-0,325917572	1266,895508
26,19565582	-0,305105358	1273,014648
26,29758644	-0,299197912	1279,133301
26,39941025	-0,28421706	1285,241699
26,50148392	-0,272354871	1291,368896
26,60351753	-0,262323856	1297,490356
26,70556259	-0,24196218	1303,611084
26,80747414	-0,216740415	1309,723511
26,9093914	-0,196270049	1315,842407
27,01144409	-0,180034876	1321,965942
27,1134491	-0,172859177	1328,085693
27,21555328	-0,176586568	1334,212646
27,31764793	-0,17062296	1340,340576
27,41982841	-0,162918657	1346,466553
27,52179146	-0,150948837	1352,585449
27,6239109	-0,126285255	1358,712891
27,72595978	-0,100384392	1364,835205
27,82791328	-0,098834641	1370,953613
27,93000603	-0,09664613	1377,077637
28,03193283	-0,096950196	1383,193359
28,13379669	-0,082414083	1389,302612
28,23573685	-0,058535334	1395,421509
28,33772659	-0,027160877	1401,54187
28,43984985	-0,002518113	1407,667725
28,54186058	-0,000221343	1413,790283
28,64385986	-0,009245832	1419,910034
28,74590111	-0,009106399	1426,030396
28,84784698	0,001621556	1432,147827
28,94983864	0,014765605	1438,26709
29,05175209	0,034879524	1444,384399
29,15373611	0,043861143	1450,500732
29,25566483	0,063877597	1456,616821
29,35758781	0,086419262	1462,734009
29,45970917	0,098641746	1468,860962
29,56177902	0,106484458	1474,983887
29,66383934	0,127229065	1481,107788
29,76589012	0,146982104	1487,230225
29,86789322	0,15012756	1493,352051
29,96982193	0,150331736	1499,464478
30,0718708	0,158550665	1505,589966
30,17389297	0,174320802	1511,713745
30,27587128	0,206915244	1517,827393
30,3779068	0,236544132	1523,951416
30,47984695	0,252830595	1530,070679
30,58182716	0,246954426	1536,18689
30,68382645	0,230739266	1542,307251
30,78588295	0,233636916	1548,430298
30,88786125	0,260002285	1554,549072
30,98980522	0,258892387	1560,665649
31,0918026	0,266017854	1566,785522
31,19373322	0,289282322	1572,900024
31,29568672	0,307568192	1579,018799
31,39772034	0,330273509	1585,138916
31,49972343	0,346644014	1591,260132
31,60169983	0,365937054	1597,378906
31,70370293	0,390393376	1603,497314
31,80566216	0,410359979	1609,614624
31,9076519	0,424245566	1615,735229
32,00965881	0,418580264	1621,857178
32,11170578	0,418700486	1627,97937
32,21370316	0,438627064	1634,096802
32,31573105	0,460020363	1640,218384
32,41779709	0,483259827	1646,342163
32,51972198	0,505131245	1652,458374
32,62159729	0,520201266	1658,569946
32,723526	0,542621672	1664,688477
32,82565689	0,553261518	1670,81543
32,92771149	0,548871815	1676,938232
33,02968597	0,547853112	1683,056885
33,13181305	0,540019333	1689,184814
33,23387527	0,55287081	1695,307739
33,33583069	0,577034056	1701,424683
33,43793488	0,60572046	1707,550171
33,53988266	0,638238609	1713,670532
33,64196777	0,675039172	1719,793213
33,7440033	0,692775488	1725,913696
33,84607697	0,706454694	1732,038696
33,94810486	0,732200086	1738,16272
34,05016708	0,757721543	1744,287842
34,15224838	0,766290307	1750,411133
34,25436401	0,766539752	1756,537354
34,35630798	0,791247308	1762,654175
34,4582901	0,806053042	1768,772949
34,56013107	0,820746183	1774,882568
34,66209412	0,838883698	1781,001587
34,76411057	0,867171049	1787,122559
34,86610031	0,911978066	1793,240356
34,96800613	0,94592905	1799,355713
35,07001114	0,966383994	1805,478027
35,17213058	0,966112852	1811,602417
35,27414322	0,96141994	1817,72522
35,37596512	0,963030994	1823,832397
35,47797775	0,972525239	1829,955078
35,58003998	0,9949705	1836,078613
35,68213654	1,01741159	1842,203735
35,78421021	1,023361921	1848,328857
35,88620758	1,031948924	1854,449707
35,98816681	1,0345577	1860,56543
36,09020996	1,043934822	1866,690308
36,1923027	1,039242625	1872,814453
36,29430008	1,05770123	1878,934814
36,39632416	1,087851882	1885,056274
36,49838638	1,167432427	1891,180176
36,60037613	1,204308629	1897,297607
36,70229721	1,221850157	1903,41394
36,80420303	1,224625707	1909,529541
36,90625	1,227437496	1915,6521
37,00823593	1,229600787	1921,771973
37,11029434	1,240180016	1927,894409
37,21235657	1,253035665	1934,017578
37,31438446	1,27210021	1940,140503
37,41634369	1,292225242	1946,258423
37,51828003	1,317689419	1952,373779
37,62026978	1,344076753	1958,491577
37,72213745	1,354616404	1964,606812
37,82423401	1,367347002	1970,730469
37,92623138	1,38100481	1976,852295
38,02823257	1,400085449	1982,970581
38,13022232	1,401798606	1989,09021
38,23217392	1,389608979	1995,21106
38,33427811	1,386201739	2001,334351
38,43622589	1,399439573	2007,45105
38,53828812	1,429752231	2013,574585
38,6402359	1,459514499	2019,692627
38,7422142	1,502002716	2025,812378
38,8441925	1,550935864	2031,927002
38,94634247	1,562126875	2038,056274
39,04826355	1,559469581	2044,170288
39,15021133	1,567616343	2050,28833
39,25218964	1,587888598	2056,406982
39,35420609	1,602927208	2062,527588
39,45623779	1,640712261	2068,651367
39,55825043	1,664328694	2074,770996
39,66019821	1,660405159	2080,887207
39,76222992	1,649523735	2087,008789
39,86420059	1,640467644	2093,12793
39,9661026	1,640355349	2099,24292
40,06822205	1,651325107	2105,369629
40,17014694	1,67978406	2111,484375
40,27209473	1,72757709	2117,602539
40,37406921	1,757786632	2123,720947
40,4759903	1,773546696	2129,834229
40,57798004	1,77856338	2135,954346
40,67998123	1,800351501	2142,072266
40,78194427	1,827438831	2148,193604
40,8839035	1,834680915	2154,308105
40,9858551	1,840292215	2160,425293
41,08789825	1,855383396	2166,55127
41,18984985	1,877230525	2172,666748
41,29189682	1,900937796	2178,790039
41,39387131	1,917586684	2184,906982
41,49570084	1,933887005	2191,018066
41,59769821	1,948860288	2197,137695
41,69961548	1,975234628	2203,252441
41,80165482	1,987543225	2209,374268
41,90353012	1,983955264	2215,487793
42,0055809	1,977147222	2221,61084
42,10762405	1,98058486	2227,733887
42,20965195	1,979379296	2233,85498
42,31160736	1,969984293	2239,970215
42,41353989	1,971223593	2246,087158
42,51556015	1,994244814	2252,208984
42,61750031	2,038268805	2258,325195
42,71940994	2,08743453	2264,4375
42,82130432	2,128558636	2270,552979
42,92324066	2,156260967	2276,669922
43,02521133	2,17528367	2282,789551
43,12725449	2,164965391	2288,910889
43,2292099	2,160398483	2295,027588
43,33115005	2,172990799	2301,144531
43,43310928	2,187988997	2307,262695
43,53514099	2,218110561	2313,383301
43,63711166	2,239019632	2319,502686
43,73906326	2,250168085	2325,619141
43,84110641	2,253819704	2331,742188
43,94315338	2,279079199	2337,863281
44,04521561	2,291972876	2343,988281
44,14722824	2,294211388	2350,109863
44,24920273	2,300749779	2356,226318
44,35119247	2,307426453	2362,345459
44,45319748	2,328374624	2368,468506
44,55529404	2,368358135	2374,592529
44,65722275	2,408065796	2380,708252
44,75917816	2,427223444	2386,824463
44,86113739	2,441106558	2392,944092
44,96327972	2,461157799	2399,072998
45,06534195	2,486430645	2405,195557
45,16737366	2,500570059	2411,319092
45,26944351	2,494112968	2417,443604
45,37155533	2,486911058	2423,568604
45,47351837	2,497979879	2429,686523
45,57548904	2,513553143	2435,801758
45,67753983	2,545336008	2441,925293
45,77959061	2,579960346	2448,051514
45,88161087	2,614529133	2454,17041
45,98356628	2,638758183	2460,287354
46,08563232	2,654608727	2466,411621
46,18756485	2,68579936	2472,529541
46,28959656	2,69660449	2478,650879
46,39160919	2,693688869	2484,770508
46,49351883	2,700442791	2490,885498
46,59545898	2,717591524	2497,00293
46,69752884	2,755610466	2503,126465
46,7995491	2,809126377	2509,248291
46,90164948	2,859216213	2515,375732
47,00357056	2,905825138	2521,489258
47,10567856	2,924201012	2527,614014
47,20770264	2,948384523	2533,736816
47,30963135	2,949425697	2539,851563
47,41168594	2,968612194	2545,976074
47,51372528	3,021140337	2552,098877
47,61587143	3,048727751	2558,228516
47,71795273	3,067950249	2564,352295
47,82003021	3,076647758	2570,478271
47,9221077	3,071732044	2576,602051
48,02415466	3,077740669	2582,724609
48,12625504	3,097191572	2588,851807
48,22822571	3,110573769	2594,968018
48,33024597	3,124852896	2601,0896
48,43238068	3,146486044	2607,217773
48,53432846	3,186072826	2613,33374
48,63629532	3,205729485	2619,451172
48,73823166	3,226897478	2625,569092
48,84020615	3,223255634	2631,685547
48,94228363	3,220268488	2637,809082
49,04421997	3,195489645	2643,925537
49,14614487	3,19289279	2650,043457
49,24816513	3,214197159	2656,165771
49,35022736	3,239299297	2662,289063
49,45225525	3,233889103	2668,407715
49,55427551	3,25274086	2674,530762
49,65616989	3,297017813	2680,645264
49,75814056	3,326323748	2686,765381
49,86011505	3,349489689	2692,880371
49,9621582	3,392115355	2699,004639
50,06419754	3,438425064	2705,125244
50,16616821	3,466593504	2711,242676
50,26811981	3,496950865	2717,359863
50,37016296	3,525147676	2723,483398
50,47214127	3,536228657	2729,603271
50,57416534	3,547151327	2735,72583
50,67625809	3,568101168	2741,851318
50,77825165	3,57729578	2747,969482
50,88021851	3,585948944	2754,087402
50,9822731	3,61394906	2760,20874
51,08427429	3,643295527	2766,330566
51,18621826	3,643637419	2772,446777
51,28828812	3,660808325	2778,572754
51,39029312	3,680438757	2784,692627
51,49219513	3,703617573	2790,806396
51,5941925	3,730647802	2796,927246
51,69608307	3,760608435	2803,038574
51,79811859	3,779166698	2809,160156
51,90014648	3,801912546	2815,280273
52,00210571	3,799209595	2821,39917
52,10404968	3,80779767	2827,516113
52,2060318	3,825907946	2833,635742
52,30794144	3,858034849	2839,749268
52,41000366	3,901987791	2845,874756
52,51197052	3,93390727	2851,990479
52,61390686	3,96894598	2858,106445
52,71586609	4,03031826	2864,225098
52,81790924	4,074104309	2870,351318
52,91996765	4,080121994	2876,47168
53,0219841	4,096647739	2882,592041
53,12407303	4,14836216	2888,71582
53,22603607	4,175708771	2894,836914
53,32808304	4,184039593	2900,960449
53,4301033	4,215108395	2907,078613
53,53215027	4,25922823	2913,204102
53,63414383	4,272263527	2919,322021
53,73616791	4,294661999	2925,442139
53,83811569	4,323391438	2931,561035
53,94010925	4,358892441	2937,681396
54,04213333	4,406088829	2943,802979
54,14409637	4,461890221	2949,92041
54,24612427	4,502453327	2956,040771
54,34803009	4,546922684	2962,157471
54,45001602	4,583276749	2968,277344
54,55205154	4,588021755	2974,396973
54,65400696	4,588201046	2980,515137
54,755867	4,614689827	2986,624512
54,85780334	4,655524731	2992,743164
54,9598465	4,654778957	2998,867676
55,06182861	4,656154633	3004,983887
55,16375732	4,659842491	3011,099854
55,26571655	4,686588287	3017,219727
55,36764526	4,719184875	3023,334473
55,46975708	4,764733791	3029,459717
55,57172775	4,799880981	3035,580566
55,67385101	4,833834171	3041,706299
55,77578735	4,87383461	3047,821289
55,87783051	4,907101154	3053,945313
55,97977448	4,914204597	3060,062012
56,08195496	4,928444862	3066,193604
56,18409348	4,976605892	3072,319824
56,28614807	5,005126476	3078,441162
56,38809586	5,058419704	3084,562256
56,49011993	5,115753174	3090,681641
56,59206009	5,153215408	3096,800293
56,69395065	5,165378571	3102,912598
56,79600906	5,159445763	3109,036133
56,89795303	5,181585789	3115,152588
56,99997711	5,221645832	3121,274658
57,10202026	5,264689922	3127,397461
57,20405579	5,301553726	3133,517578
57,30609512	5,337136269	3139,638184
57,40809631	5,379673004	3145,76123
57,51001358	5,446776867	3151,874756
57,61192322	5,519705772	3157,990967
57,71398926	5,601940632	3164,115723
57,81600189	5,646731853	3170,235352
57,91797256	5,612232685	3176,354492
58,02009201	5,586471081	3182,480713
58,12202835	5,613527298	3188,596924
58,22397614	5,659285545	3194,713867
58,32593918	5,696706772	3200,831787
58,42792892	5,727728367	3206,948242
58,52984238	5,816618443	3213,067139
58,63178635	5,880159855	3219,182617
58,73389435	5,929272175	3225,308838
58,83605576	5,97906065	3231,437988
58,9380455	6,031830311	3237,559326
59,04019547	6,11527586	3243,687256
59,14212036	6,190540314	3249,802979
59,24411392	6,220649242	3255,92334
59,346138	6,256599903	3262,041016
59,44820023	6,337069035	3268,168213
59,55027771	6,404262543	3274,289795
59,65221024	6,460773468	3280,406982
59,75426102	6,543288708	3286,529541
59,8562088	6,594380856	3292,649414
59,95819473	6,660630703	3298,766602
60,06013107	6,694633484	3304,882813
60,16223526	6,790205956	3311,011475
60,26420212	6,835870743	3317,126709
60,36616516	6,87792778	3323,243164
60,46813202	6,935655117	3329,362549
60,57004166	6,953756332	3335,47876
60,67200851	6,973800659	3341,595947
60,77394867	7,026627064	3347,71167
60,87601089	7,093461037	3353,83667
60,9780426	7,187235355	3359,95874
61,08011627	7,276618481	3366,084961
61,18205261	7,391310692	3372,198486
61,28403854	7,497186184	3378,31958
61,3861351	7,596417904	3384,444092
61,48822021	7,686768532	3390,567871
61,59026718	7,764102936	3396,689209
61,69226456	7,884089947	3402,810303
61,79413223	7,954006195	3408,924316
61,89617157	8,012468338	3415,044678
61,99808502	8,130840302	3421,159668
62,10002899	8,273983002	3427,278809
62,20207596	8,419650078	3433,400391
62,30406952	8,592447281	3439,520264
62,40604401	8,756108284	3445,638184
62,50814819	8,869431496	3451,762207
62,61026382	8,954628944	3457,891357
62,71234131	9,062135696	3464,016357
62,81439972	9,209275246	3470,139893
62,91652298	9,382935524	3476,265381
63,01858902	9,570527077	3482,392578
63,12064362	9,746424675	3488,515625
63,22251511	9,898965836	3494,627197
63,32441711	10,02305412	3500,73999
63,42648315	10,17788792	3506,864258
63,52858734	10,35440254	3512,990479
63,6305809	10,54302311	3519,111328
63,73262787	10,75519276	3525,232666
63,83467865	10,93059921	3531,354736
63,93667984	11,12296581	3537,473877
64,0386734	11,35123062	3543,595459
64,14064026	11,5913496	3549,716309
64,24259186	11,81766891	3555,829346
64,34461975	12,06309605	3561,951904
64,44667816	12,30918217	3568,075684
64,5487442	12,52329445	3574,200684
64,65078735	12,72803974	3580,323242
64,75280762	12,94422531	3586,443848
64,8547821	13,16516018	3592,564453
64,9568634	13,40586281	3598,688232
65,05890656	13,68583298	3604,808838
65,1608429	13,97877789	3610,925049
65,26278687	14,31276608	3617,042725
65,36478424	14,61170387	3623,165039
65,4668045	14,90597534	3629,282959
65,56880951	15,21178055	3635,407471
65,67085266	15,55973053	3641,529053
65,77284241	15,92312431	3647,64502
65,87478638	16,24015999	3653,761963
65,97677612	16,54178238	3659,881348
66,07879639	16,88622475	3666,005127
66,18076324	17,25134468	3672,121094
66,28291321	17,63511658	3678,251953
66,38495636	17,97785187	3684,373291
66,48709106	18,28364372	3690,500488
66,58911133	18,6038208	3696,621094
66,6911087	18,9835701	3702,741943
66,79314423	19,38406181	3708,863281
66,89524078	19,77919006	3714,989258
66,99732208	20,09677124	3721,112305
67,09928894	20,43603897	3727,232666
67,20126343	20,74109459	3733,350098
67,30323792	21,04154968	3739,470947
67,40525818	21,37912369	3745,589844
67,50722504	21,69812965	3751,709717
67,60923004	21,97925186	3757,829834
67,71129608	22,32218742	3763,953857
67,81336212	22,57496071	3770,07666
67,91542816	22,84012604	3776,200195
68,01737976	23,12152481	3782,316162
68,11932373	23,36222649	3788,435303
68,22136688	23,53317642	3794,556641
68,3234024	23,75844193	3800,678955
68,42545319	23,98038292	3806,802246
68,52744293	24,14655304	3812,922607
68,62936401	24,31173515	3819,036377
68,73141479	24,46864891	3825,15918
68,83337402	24,5320015	3831,277344
68,93541718	24,56790733	3837,399658
69,03738403	24,61337852	3843,516357
69,13941956	24,63389015	3849,640137
69,24137878	24,61346245	3855,756104
69,34344482	24,56059647	3861,87915
69,44538116	24,50040817	3867,997559
69,54733276	24,43837929	3874,113281
69,64938354	24,3776722	3880,238525
69,75146484	24,31064606	3886,362061
69,85347748	24,25064659	3892,483887
69,95536804	24,1889286	3898,5979
70,05739594	24,10202408	3904,717285
70,15940857	23,93861389	3910,837891
70,2612915	23,73516273	3916,95166
70,3633194	23,45865059	3923,071777
70,46529388	23,14593887	3929,19165
70,56726837	22,8346386	3935,309082
70,66924286	22,47018814	3941,428223
70,77126312	22,09399033	3947,548584
70,87330627	21,71191216	3953,672607
70,97525787	21,32369614	3959,790283
71,07720947	20,86219788	3965,907227
71,17918396	20,4489975	3972,024414
71,28114319	19,96707344	3978,142822
71,38313293	19,53910255	3984,263428
71,48530579	19,13326073	3990,393799
71,58735657	18,73397064	3996,516602
71,68933105	18,29543495	4002,633545
71,7912674	17,88226509	4008,749512
71,89324188	17,45780563	4014,869385
71,99519348	17,04523087	4020,983887
72,09723663	16,59487915	4027,106934
72,19916534	16,17980194	4033,224121
72,30120087	15,75897598	4039,346924
72,40325928	15,33536911	4045,470459
72,50521851	14,91356564	4051,589111
72,60725403	14,51786613	4057,710693
72,70926666	14,24573994	4063,83252
72,81124878	13,96509361	4069,949707
72,91347504	13,60654068	4076,085693
73,01544952	13,24727917	4082,20166
73,11740112	12,88698673	4088,320313
73,2194519	12,58950329	4094,44165
73,32137299	12,26492023	4100,558594
73,42333984	11,91928101	4106,678223
73,52531433	11,59478664	4112,795898
73,62739563	11,28535366	4118,918457
73,72930908	11,01041985	4125,033203
73,83137512	10,75925255	4131,15918
73,93338776	10,48318958	4137,278809
74,03534698	10,21857929	4143,396973
74,1372757	10,04637432	4149,51416
74,23940277	9,848134995	4155,638184
74,34129333	9,66015625	4161,753418
74,44330597	9,472211838	4167,873535
74,54524231	9,312364578	4173,98877
74,64718628	9,144259453	4180,107422
74,74913025	8,97679615	4186,223145
74,85115814	8,782519341	4192,345703
74,95322418	8,58960247	4198,469727
75,05519104	8,405643463	4204,587402
75,15724945	8,280263901	4210,710449
75,2592926	8,137359619	4216,833984
75,36129761	7,994367599	4222,956543
75,46327972	7,817350388	4229,074707
75,56555939	7,67504406	4235,210449
75,66766357	7,555380821	4241,336914
75,76968384	7,460557461	4247,456543
75,87174988	7,356526375	4253,581055
75,97380829	7,224019051	4259,705078
76,07576752	7,112605572	4265,823242
76,17784119	7,001308441	4271,947266
76,27981567	6,906002045	4278,066406
76,38191223	6,833507061	4284,191406
76,48396301	6,778327942	4290,314941
76,58602142	6,689184666	4296,437012
76,68796539	6,601267815	4302,554199
76,79003906	6,50079298	4308,678223
76,89208221	6,408067226	4314,802246
76,9940033	6,333093166	4320,916504
77,09599304	6,214717388	4327,036621
77,19805145	6,107894421	4333,15918
77,30010986	6,05290556	4339,282715
77,40219879	5,990370274	4345,407715
77,50418091	5,909620285	4351,527344
77,60623932	5,829584599	4357,648926
77,70829773	5,776402473	4363,772949
77,81027222	5,721700191	4369,894043
77,91227722	5,670455456	4376,010254
78,01423645	5,634922504	4382,131348
78,11626434	5,601862907	4388,251953
78,21814728	5,541365147	4394,364746
78,32007599	5,47445488	4400,484863
78,42209625	5,437095642	4406,603516
78,52409363	5,414375782	4412,72168
78,62606812	5,392154694	4418,840332
78,72798157	5,3662076	4424,954102
78,83000183	5,340523243	4431,07666
78,93206024	5,289299011	4437,200684
79,03412628	5,234565735	4443,322266
79,1361084	5,196943283	4449,442871
79,23809814	5,174631596	4455,564941
79,34008789	5,169095993	4461,680664
79,44208527	5,147528648	4467,804199
79,54407501	5,107277393	4473,92041
79,64613342	5,08773756	4480,046387
79,74807739	5,087729931	4486,162598
79,84997559	5,060698032	4492,276855
79,95198822	5,032044411	4498,397461
80,05413818	5,029194355	4504,526855
80,15621948	4,991903305	4510,649414
80,25823975	4,948940277	4516,77002
80,36006927	4,934766769	4522,881348
80,46214294	4,932618141	4529,005859
80,5641098	4,919405937	4535,123535
80,6661911	4,905738831	4541,248535
80,7681427	4,905388355	4547,368164
80,87030029	4,901404381	4553,496094
80,97229004	4,899508953	4559,613281
81,07421875	4,890487194	4565,729492
81,17617035	4,885077477	4571,84668
81,27818298	4,885546684	4577,967285
81,38021851	4,876058102	4584,090332
81,48223114	4,861548901	4590,212891
81,58447266	4,856220245	4596,34668
81,68651581	4,853691101	4602,46875
81,78858948	4,850360394	4608,592285
81,89063263	4,842768192	4614,714844
81,99267578	4,834874153	4620,836914
82,09471893	4,830274582	4626,961914
82,19677734	4,826283455	4633,084473
82,29875183	4,816086769	4639,20166
82,40068817	4,805426598	4645,318848
82,50263977	4,80021143	4651,437988
82,60474396	4,790242672	4657,562988
82,7067337	4,773126125	4663,683594
82,80867767	4,758562565	4669,799805
82,91064453	4,755271435	4675,916992
83,01256561	4,75632	4682,035156
83,11460876	4,752128601	4688,154785
83,2166214	4,753923893	4694,275879
83,31859589	4,758052826	4700,394043
83,42066956	4,760070324	4706,520996
83,52261353	4,763899803	4712,635742
83,6246109	4,766944885	4718,756836
83,72666931	4,770728588	4724,882324
83,82866669	4,774174213	4731
83,93074036	4,777286053	4737,125977
84,03274536	4,780537605	4743,246582
84,13470459	4,784404755	4749,363281
84,23674774	4,785914421	4755,486328
84,3387146	4,789634705	4761,603027
84,44065094	4,792667389	4767,719727
84,54257965	4,793807507	4773,835938
84,64464569	4,794499874	4779,960449
84,74662781	4,796173573	4786,079102
84,84854889	4,799507141	4792,195313
84,95037842	4,80028677	4798,305664
85,05233765	4,803165913	4804,42041
85,15438843	4,806939602	4810,544434
85,25629425	4,810209274	4816,658203
85,35826111	4,814301014	4822,778809
85,46024323	4,817248344	4828,895996
85,56229401	4,823471546	4835,019043
85,66432953	4,824138165	4841,142578
85,7663269	4,823408604	4847,26123
85,86844635	4,825710297	4853,38916
85,97049713	4,828112602	4859,511719
86,07254791	4,829957485	4865,634766
86,17461395	4,828173637	4871,760254
86,2767334	4,831902504	4877,887695
86,37876129	4,836721897	4884,01123
86,48071289	4,841309071	4890,125
86,58267975	4,840955257	4896,244629
86,68468475	4,840630054	4902,363281
86,78665924	4,839595795	4908,484375
86,88883209	4,840439796	4914,613281
86,99077606	4,841547489	4920,730957
87,09264374	4,849847794	4926,840332
87,19469452	4,861741543	4932,963867
87,29669952	4,87472105	4939,085938
87,39885712	4,882185936	4945,213867
87,50093079	4,887553215	4951,338867
87,60287476	4,888042927	4957,455078
87,70493317	4,88681078	4963,577637
87,80688477	4,890384674	4969,696289
87,90885162	4,893475533	4975,812012
88,010849	4,89003849	4981,934082
88,11286163	4,886258602	4988,054199
88,21478271	4,888827801	4994,171387
88,31678772	4,892780304	5000,286621
88,41872406	4,899602413	5006,403809
88,5206604	4,901691437	5012,520508
88,62261963	4,911254883	5018,639648
88,72458649	4,922262669	5024,756836
88,8266449	4,927919388	5030,878418
88,92867279	4,925676823	5037,002441
89,03059387	4,922881603	5043,116211
89,13256836	4,923106194	5049,233887
89,23455048	4,920047283	5055,355469
89,33649445	4,917161942	5061,470703
89,43859863	4,917985916	5067,596191
89,54063416	4,921103001	5073,720703
89,64261627	4,919724941	5079,839355
89,74461365	4,917579651	5085,958984
89,84656525	4,916453362	5092,076172
89,94859314	4,913561344	5098,196289
90,05053711	4,909987926	5104,3125
90,1525116	4,908546925	5110,432129
90,25449371	4,909059525	5116,554199
90,35654449	4,912021637	5122,677246
90,45857239	4,912531376	5128,794922
90,56048584	4,912514687	5134,913086
90,66251373	4,912826538	5141,032227
90,76459503	4,912075996	5147,15625
90,86664581	4,909859657	5153,280273
90,96862793	4,911212921	5159,400879
91,07062531	4,912503719	5165,522461
91,17258453	4,909220695	5171,637695
91,27453613	4,902538776	5177,753418
91,37647247	4,901299477	5183,867676
91,47840118	4,903400421	5189,987305
91,58034515	4,907384396	5196,101563
91,68245697	4,907063484	5202,229004
91,78450012	4,906983852	5208,353027
91,88663483	4,904896736	5214,480957
91,98872375	4,904229164	5220,604004
92,09067535	4,905153751	5226,723145
92,1927948	4,908541203	5232,848145
92,29475403	4,90826273	5238,966797
92,39670563	4,901531219	5245,083984
92,49865723	4,900841713	5251,200684
92,60066223	4,897233009	5257,321289
92,70281982	4,883759022	5263,453125
92,80489349	4,865553856	5269,575684
92,90693665	4,854012966	5275,699707
93,00902557	4,849684715	5281,823242
93,11107635	4,844216347	5287,94873
93,21318817	4,837608337	5294,075195
93,31530762	4,835513115	5300,202148
93,41723633	4,835713863	5306,315918
93,51912689	4,82738781	5312,429688
93,62094879	4,81441927	5318,536621
93,72296143	4,809819698	5324,659668
93,82497406	4,805183411	5330,782227
93,92707825	4,799015522	5336,906738
94,02901459	4,802718163	5343,023438
94,13095093	4,809530258	5349,139648
94,23300171	4,815280437	5355,263184
94,3351059	4,817584515	5361,38916
94,43715668	4,819564342	5367,512207
94,53926849	4,821717262	5373,63916
94,64128876	4,824551105	5379,760254
94,74336243	4,825751305	5385,883789
94,84525299	4,825724602	5391,998047
94,94721985	4,826024055	5398,112793
95,04920959	4,823987484	5404,236816
95,15127563	4,818606853	5410,356934
95,25315094	4,815919399	5416,471191
95,35516357	4,808673859	5422,591309
95,45713043	4,801414967	5428,711914
95,55910492	4,799102306	5434,827148
95,66117859	4,802886009	5440,952637
95,76327515	4,801922321	5447,077148
95,86532593	4,798469067	5453,20166
95,96729279	4,79678154	5459,320313
96,06934357	4,798103333	5465,441895
96,17132568	4,799428463	5471,563477
96,27334595	4,800920963	5477,683105
96,37547302	4,804213524	5483,810059
96,47756958	4,808413029	5489,936523
96,57956696	4,812144279	5496,055176
96,68152618	4,811929703	5502,173828
96,78357697	4,81343317	5508,29541
96,88561249	4,817517281	5514,418457
96,98757935	4,82759428	5520,539063
97,08961487	4,832165241	5526,657227
97,1917572	4,834831715	5532,786621
97,29380798	4,835184574	5538,910156
97,39582825	4,834496498	5545,03418
97,4977951	4,835375309	5551,150391
97,59977722	4,836484432	5557,269531
97,70172882	4,833871365	5563,385742
97,80367279	4,832692146	5569,504395
97,90571594	4,841529846	5575,625
98,00774384	4,845248699	5581,748535
98,10968781	4,847508907	5587,866211
98,21167755	4,853896141	5593,98291
98,31375122	4,85684967	5600,108398
98,41576385	4,859266758	5606,228516
98,51771545	4,866402149	5612,344727
98,61965942	4,87422657	5618,461914
98,72163391	4,891408443	5624,581543
98,82366943	4,915186405	5630,70459
98,92560577	4,944740772	5636,821289
99,02765656	4,965727806	5642,942871
99,12961578	4,989471436	5649,0625
99,23161316	5,021343231	5655,181152
99,33361053	5,061556816	5661,30127
99,43570709	5,089252949	5667,425293
99,5377121	5,126665592	5673,54541
99,6397171	5,187217712	5679,669434
99,74175262	5,242278576	5685,790527
99,84381104	5,271064758	5691,915039
99,94589996	5,324077129	5698,042969
