scan 720/11/202208:13:50						
temp(C)	power	time(seconds)				
5,136269569	395,4576721	7,134754658				
5,239152908	364,0636292	13,25094986				
5,340317249	293,6665344	19,36800575				
5,441179752	240,690918	25,4878273				
5,541956425	198,259079	31,60382462				
5,64274931	161,1170349	37,72674561				
5,743376732	128,3966675	43,83787537				
5,844153404	100,1644974	49,95807648				
5,944811344	76,4783783	56,06802368				
6,04570055	57,05807495	62,18959808				
6,146422863	41,58045959	68,30267334				
6,247325897	29,33890152	74,42326355				
6,348192692	19,84081459	80,54285431				
6,449060917	12,60603428	86,65749359				
6,550021172	7,129775524	92,77703094				
6,650906086	3,064669371	98,8864212				
6,751939297	0,071201317	105,0054245				
6,852898598	-2,073264599	111,1157913				
6,953920364	-3,577911615	117,2262878				
7,055020332	-4,595041752	123,3432693				
7,156128883	-5,233632565	129,4602051				
7,257250786	-5,671665668	135,5716858				
7,358481407	-5,871732712	141,6881714				
7,459770679	-5,929080963	147,8085632				
7,56103754	-5,878923416	153,9247437				
7,662358284	-5,789227486	160,0435791				
7,76368618	-5,629434109	166,162674				
7,86498642	-5,458566189	172,272049				
7,96642065	-5,254488945	178,3946686				
8,067853928	-5,018716812	184,5133362				
8,169251442	-4,771487713	190,6290588				
8,270767212	-4,558300972	196,7510376				
8,372200966	-4,399032116	202,8657227				
8,473592758	-4,221345901	208,9774017				
8,574953079	-4,025045872	215,0849152				
8,676328659	-3,85901475	221,1953125				
8,777806282	-3,724423885	227,3066864				
8,879264832	-3,600367308	233,4199219				
8,980826378	-3,442381382	239,5389099				
9,082393646	-3,309327364	245,6520538				
9,183978081	-3,205620766	251,770752				
9,285577774	-3,106529474	257,8908081				
9,387191772	-3,015395641	264,0038452				
9,488905907	-2,919620514	270,1235962				
9,590358734	-2,837775946	276,2316895				
9,691914558	-2,761543274	282,3423157				
9,793560028	-2,686342955	288,4570618				
9,895260811	-2,622497082	294,5776672				
9,996953964	-2,570453405	300,693512				
10,09873867	-2,527220726	306,8155518				
10,20043182	-2,490848541	312,9302063				
10,30192471	-2,461357117	319,0355225				
10,40368462	-2,437969923	325,1539307				
10,50543213	-2,410377502	331,2714844				
10,60714531	-2,377528667	337,3858643				
10,70892429	-2,338747025	343,5046082				
10,81074333	-2,296193361	349,6239624				
10,91239929	-2,256024599	355,7354736				
11,01418114	-2,208589315	361,8543091				
11,11600304	-2,15110445	367,9720764				
11,21765232	-2,09105587	374,0816345				
11,3194828	-2,024130106	380,2011719				
11,42124462	-1,97058332	386,3127747				
11,52291203	-1,917822361	392,4217834				
11,62468147	-1,861766458	398,5382996				
11,72644806	-1,81528151	404,6537476				
11,82827663	-1,774942756	410,7712097				
11,93001366	-1,730148196	416,8789978				
12,03172779	-1,680336118	422,9915161				
12,1335907	-1,627330661	429,110199				
12,23530102	-1,584985733	435,2219543				
12,33714104	-1,549099207	441,3356323				
12,43889999	-1,514735341	447,4460144				
12,54076958	-1,482616425	453,5660706				
12,64264774	-1,449379921	459,6825867				
12,74444485	-1,413035989	465,7943115				
12,84629345	-1,374391675	471,9130859				
12,94809151	-1,337195635	478,0267944				
13,04988289	-1,313949943	484,1384583				
13,15179253	-1,294927955	490,2593079				
13,25353432	-1,268682718	496,3652344				
13,35535717	-1,235457182	502,4793091				
13,45724583	-1,216549158	508,5983582				
13,55910587	-1,195769072	514,7134399				
13,66097641	-1,166028738	520,8302002				
13,76283169	-1,143890977	526,9442749				
13,86468697	-1,132030964	533,0596313				
13,96652412	-1,118335009	539,1754761				
14,06838989	-1,100564241	545,288208				
14,17029285	-1,087612033	551,4046631				
14,27202988	-1,076090217	557,5117798				
14,37389469	-1,052000642	563,6270752				
14,47581291	-1,029491067	569,7459106				
14,57773209	-1,016474485	575,8624268				
14,67961788	-1,01230371	581,9786377				
14,78148746	-1,000097156	588,0944824				
14,88348389	-0,993349195	594,215271				
14,98538494	-0,977418542	600,3311768				
15,08727646	-0,965896845	606,4477539				
15,18913364	-0,955489278	612,5609131				
15,29102802	-0,940785348	618,6774292				
15,39293003	-0,932492912	624,7939453				
15,49478817	-0,933135688	630,9043579				
15,59663868	-0,930828094	637,0180664				
15,69853115	-0,925984979	643,1326904				
15,80034256	-0,920870304	649,2446899				
15,90224266	-0,915728629	655,3619995				
16,00403023	-0,909997523	661,4686279				
16,10593987	-0,900212646	667,5848999				
16,2078476	-0,89452678	673,6989136				
16,30961037	-0,886240423	679,8084106				
16,41145897	-0,874083459	685,9190063				
16,51335335	-0,869055748	692,0343018				
16,61541176	-0,869419098	698,1580811				
16,71731377	-0,867087603	704,2733765				
16,81925011	-0,86370635	710,3912354				
16,92110443	-0,864893377	716,5021362				
17,02290535	-0,867004156	722,6100464				
17,12483406	-0,866989195	728,727478				
17,2266407	-0,867803633	734,8370972				
17,32855225	-0,870436609	740,9533691				
17,43058014	-0,872743666	747,0736694				
17,53258324	-0,875199676	753,1954346				
17,63454247	-0,876960278	759,3115234				
17,73648834	-0,879287183	765,4285278				
17,83849335	-0,883082092	771,5493774				
17,94039154	-0,885511696	777,6639404				
18,04230881	-0,887918413	783,777771				
18,14424515	-0,891917646	789,8982544				
18,2462635	-0,898934364	796,0170288				
18,34823608	-0,904150248	802,1356812				
18,45017052	-0,913445354	808,250061				
18,55205917	-0,92566216	814,3605347				
18,65380859	-0,94210887	820,4713135				
18,75571442	-0,955526412	826,5841064				
18,8576088	-0,974154592	832,6983643				
18,9594841	-0,994458497	838,8121948				
19,06145477	-0,999287784	844,9302979				
19,16342354	-1,003421545	851,0487061				
19,26526642	-1,014942527	857,159668				
19,36725616	-1,042400241	863,2802124				
19,46925735	-1,070147514	869,4000854				
19,5712204	-1,090632677	875,5206909				
19,67310333	-1,115025997	881,6309814				
19,77488327	-1,133777857	887,737854				
19,87687111	-1,139352798	893,8569946				
19,97870255	-1,148944497	899,96875				
20,08052444	-1,165343404	906,0782471				
20,18243599	-1,179347754	912,1934204				
20,28427887	-1,191383123	918,300354				
20,38607788	-1,205726504	924,4100342				
20,48810577	-1,219594717	930,5336914				
20,59004021	-1,237169266	936,6503296				
20,69210052	-1,24030292	942,7747803				
20,79394341	-1,249785304	948,8843994				
20,89593124	-1,265107036	955,0026245				
20,99780273	-1,27215445	961,1166992				
21,09969711	-1,270608306	967,2318726				
21,20162201	-1,271675825	973,3475342				
21,30354691	-1,285162568	979,4626465				
21,40542221	-1,289469481	985,5743408				
21,50737572	-1,294665098	991,6931763				
21,6093235	-1,306998491	997,8110962				
21,71128654	-1,314160466	1003,928406				
21,81325912	-1,315135479	1010,047729				
21,91521072	-1,317393064	1016,162903				
22,01721191	-1,320414543	1022,283264				
22,11911201	-1,323533773	1028,398315				
22,22100639	-1,322809219	1034,511963				
22,32286263	-1,319607377	1040,622925				
22,42482758	-1,318079591	1046,742065				
22,52675629	-1,321544051	1052,858154				
22,62864685	-1,326852441	1058,971069				
22,7306385	-1,335478425	1065,092041				
22,83255005	-1,338852763	1071,205811				
22,93445015	-1,342751503	1077,320313				
23,03644943	-1,342320204	1083,44165				
23,13838768	-1,339877248	1089,556885				
23,24031448	-1,3377949	1095,673828				
23,34231758	-1,338513732	1101,790527				
23,44418716	-1,33848381	1107,905518				
23,5460434	-1,340085387	1114,01709				
23,6479435	-1,343643904	1120,128906				
23,74987984	-1,343066931	1126,247192				
23,85175133	-1,341804385	1132,357544				
23,95362473	-1,341829777	1138,47168				
24,05561256	-1,341981053	1144,591431				
24,15756989	-1,3417418	1150,709473				
24,25948143	-1,34344244	1156,824585				
24,36133003	-1,345748186	1162,932983				
24,4633007	-1,346409321	1169,053223				
24,56528664	-1,345051885	1175,173706				
24,66727257	-1,34495604	1181,292236				
24,76919174	-1,344774961	1187,407349				
24,8711319	-1,344034195	1193,522461				
24,9730072	-1,342153907	1199,637085				
25,07494354	-1,339154363	1205,752441				
25,17705154	-1,337657213	1211,878174				
25,27900505	-1,334442377	1217,994995				
25,38080788	-1,32717979	1224,103394				
25,48269653	-1,31989789	1230,215576				
25,58450508	-1,316690922	1236,324585				
25,68642426	-1,315164804	1242,44104				
25,7882843	-1,311914206	1248,553955				
25,89010048	-1,311451912	1254,664551				
25,99203873	-1,313010693	1260,779297				
26,09395218	-1,309845448	1266,892212				
26,1960125	-1,303482771	1273,0177				
26,29793739	-1,297283888	1279,132202				
26,39978027	-1,289545417	1285,241455				
26,50169373	-1,281704307	1291,358032				
26,60362244	-1,276582956	1297,474365				
26,70567131	-1,270257354	1303,5979				
26,80755615	-1,266524553	1309,709717				
26,90949059	-1,259824634	1315,826782				
27,01146507	-1,251660466	1321,946533				
27,11338997	-1,246323466	1328,06311				
27,21533775	-1,240893364	1334,175049				
27,31716919	-1,230737567	1340,286865				
27,41904068	-1,219966173	1346,400757				
27,52102852	-1,21442914	1352,517822				
27,62299728	-1,20541811	1358,638062				
27,72488594	-1,19767189	1364,749023				
27,82686234	-1,198966146	1370,869385				
27,92880058	-1,198563695	1376,984985				
28,0308857	-1,193000436	1383,111328				
28,13279343	-1,18676281	1389,222778				
28,23465347	-1,178103447	1395,335938				
28,33652687	-1,17120707	1401,447754				
28,43850136	-1,158314586	1407,568481				
28,5403862	-1,151680231	1413,680176				
28,64240456	-1,14425838	1419,799683				
28,7442379	-1,142819762	1425,910278				
28,84604836	-1,139061093	1432,018433				
28,94785309	-1,132266283	1438,128174				
29,04990005	-1,123166561	1444,249268				
29,15172768	-1,118533492	1450,358887				
29,25356293	-1,111962676	1456,467041				
29,35548592	-1,10347724	1462,584717				
29,45736504	-1,097344875	1468,700928				
29,55939484	-1,094828248	1474,821289				
29,66130066	-1,090041876	1480,936279				
29,76313972	-1,084560513	1487,047119				
29,86512375	-1,077755213	1493,163086				
29,96707916	-1,070291281	1499,283081				
30,06895256	-1,056560516	1505,394043				
30,17089653	-1,046339393	1511,509033				
30,2727356	-1,042807698	1517,62085				
30,3747406	-1,036365867	1523,741577				
30,47661209	-1,025750518	1529,851929				
30,57869911	-1,017737031	1535,977539				
30,68064308	-1,007960081	1542,092773				
30,78249168	-0,993482292	1548,20813				
30,88446045	-0,985404551	1554,32312				
30,98622131	-0,981264353	1560,429321				
31,08815384	-0,977683365	1566,543823				
31,19003868	-0,974373996	1572,657837				
31,29197884	-0,969763339	1578,77771				
31,39394569	-0,963764548	1584,893188				
31,49589729	-0,959422886	1591,010986				
31,59782982	-0,954842806	1597,125977				
31,6997776	-0,94872731	1603,243042				
31,80176353	-0,94739157	1609,362549				
31,90367699	-0,938650608	1615,477295				
32,00571823	-0,921803236	1621,60144				
32,10770798	-0,910080552	1627,719604				
32,20969391	-0,904896379	1633,836426				
32,31160736	-0,901483059	1639,953125				
32,41357422	-0,889537573	1646,071777				
32,51551056	-0,883720815	1652,187378				
32,61748123	-0,879181981	1658,305054				
32,71940613	-0,871980965	1664,419922				
32,82140732	-0,864117146	1670,541504				
32,92322159	-0,85994941	1676,648682				
33,02510452	-0,858514845	1682,764282				
33,12700272	-0,854667008	1688,874512				
33,22899246	-0,846452951	1694,997314				
33,33094025	-0,842791557	1701,112305				
33,43278503	-0,83683753	1707,222656				
33,53470612	-0,831264615	1713,33728				
33,63671494	-0,821068048	1719,459351				
33,73852921	-0,81670928	1725,56897				
33,84041977	-0,814149737	1731,679321				
33,94232178	-0,808190346	1737,795288				
34,04417801	-0,798696935	1743,907959				
34,1461525	-0,792322695	1750,024536				
34,24809647	-0,781544745	1756,142456				
34,35004425	-0,766143024	1762,260132				
34,45199585	-0,747584105	1768,378174				
34,5539856	-0,73956883	1774,496216				
34,65589523	-0,730776429	1780,608398				
34,75788116	-0,718734562	1786,729858				
34,85972977	-0,70618701	1792,842407				
34,9616127	-0,699615002	1798,95459				
35,06363297	-0,702224612	1805,07373				
35,16563034	-0,704316556	1811,192871				
35,26741791	-0,704751611	1817,30188				
35,36938858	-0,704022348	1823,419922				
35,47127914	-0,69456923	1829,532959				
35,57320023	-0,683756709	1835,647827				
35,67512131	-0,682501316	1841,763672				
35,77705765	-0,680618107	1847,880981				
35,87900543	-0,676324844	1853,996826				
35,98093033	-0,667346478	1860,113159				
36,08286285	-0,663779616	1866,22876				
36,18488693	-0,66230309	1872,347534				
36,28681183	-0,65344584	1878,465332				
36,38873672	-0,645883441	1884,579346				
36,49068832	-0,632552803	1890,698486				
36,59260941	-0,626112401	1896,813477				
36,69453049	-0,61343354	1902,929199				
36,79652023	-0,600457668	1909,048218				
36,89847565	-0,598999441	1915,165894				
37,00040054	-0,599177957	1921,28125				
37,10228348	-0,592010319	1927,395996				
37,20425034	-0,57965827	1933,517334				
37,30607605	-0,567833364	1939,622681				
37,4079628	-0,5578233	1945,734131				
37,50977707	-0,551790297	1951,846191				
37,61168671	-0,542909145	1957,960693				
37,71366501	-0,538254619	1964,077026				
37,81566238	-0,534365594	1970,196533				
37,91754532	-0,527743757	1976,308838				
38,01932144	-0,520277202	1982,415771				
38,12108612	-0,51287812	1988,521606				
38,22284698	-0,508226991	1994,625244				
38,32481766	-0,500157475	2000,746826				
38,426754	-0,497714877	2006,859741				
38,52864456	-0,492736936	2012,974854				
38,63049698	-0,479944676	2019,087769				
38,73249817	-0,474178106	2025,205322				
38,83428192	-0,469508052	2031,313599				
38,93610382	-0,463621527	2037,422729				
39,03815842	-0,455092251	2043,546753				
39,14006805	-0,444741637	2049,659912				
39,24188995	-0,436445653	2055,770264				
39,34380341	-0,430368483	2061,883545				
39,44569397	-0,415888488	2067,999023				
39,54751587	-0,40280512	2074,107178				
39,64944839	-0,391376942	2080,224854				
39,75130081	-0,381470889	2086,335938				
39,8532486	-0,36785233	2092,44873				
39,95509338	-0,359528214	2098,561768				
40,05702972	-0,351576179	2104,676758				
40,15894699	-0,335510969	2110,792969				
40,26076508	-0,316072285	2116,9021				
40,36271667	-0,31103754	2123,018311				
40,46458817	-0,310720354	2129,130127				
40,56645966	-0,305879653	2135,243164				
40,66828918	-0,29600808	2141,352539				
40,77030945	-0,284141541	2147,470947				
40,87212372	-0,275544524	2153,58252				
40,97396088	-0,258220881	2159,692627				
41,07579803	-0,246782973	2165,80127				
41,17769623	-0,243387341	2171,914063				
41,27960968	-0,238839522	2178,031738				
41,38139725	-0,225499585	2184,137695				
41,48311996	-0,214018926	2190,240479				
41,58491135	-0,216097087	2196,348877				
41,6867218	-0,215319708	2202,457764				
41,7885704	-0,207511097	2208,569336				
41,89039612	-0,192073554	2214,678955				
41,99234772	-0,187623456	2220,794189				
42,09421921	-0,18231155	2226,907227				
42,19604874	-0,167411759	2233,018799				
42,29803085	-0,159938946	2239,135498				
42,40002823	-0,156204402	2245,256836				
42,50190735	-0,142277196	2251,370361				
42,60388184	-0,132195652	2257,486572				
42,70582962	-0,13003549	2263,604004				
42,80767822	-0,131431967	2269,716797				
42,90960312	-0,129939541	2275,82959				
43,01153183	-0,126775339	2281,946533				
43,11350632	-0,1144493	2288,06543				
43,21551132	-0,101722352	2294,18457				
43,31742859	-0,083662882	2300,300781				
43,41937637	-0,064093463	2306,417725				
43,52133179	-0,055681836	2312,536133				
43,62317657	-0,051564083	2318,645508				
43,72512054	-0,044422932	2324,762695				
43,82712936	-0,040196136	2330,882813				
43,92892838	-0,035216883	2336,989746				
44,03089523	-0,029869428	2343,108887				
44,13290024	-0,018247172	2349,230957				
44,23487854	-0,003626616	2355,3479				
44,33697891	0,003678756	2361,474854				
44,43899536	0,00630554	2367,594482				
44,54089737	0,016066249	2373,708008				
44,64271545	0,024220603	2379,818848				
44,74466324	0,029897904	2385,935303				
44,84658051	0,041997846	2392,050537				
44,94857788	0,050334457	2398,168213				
45,05048752	0,051200904	2404,285156				
45,15235138	0,058319356	2410,396729				
45,25431824	0,070592083	2416,513184				
45,35627747	0,077684745	2422,63208				
45,45822144	0,088301197	2428,745361				
45,56024933	0,094855882	2434,869873				
45,66206741	0,106388867	2440,979248				
45,76387405	0,11942815	2447,088135				
45,86584473	0,132474422	2453,204346				
45,96770096	0,1359144	2459,316162				
46,06958389	0,149227619	2465,428955				
46,17141342	0,154498443	2471,541016				
46,27318573	0,159576997	2477,645752				
46,37508774	0,169563726	2483,759766				
46,47698975	0,181360394	2489,874756				
46,5789299	0,190441996	2495,991699				
46,68092346	0,201949373	2502,109131				
46,78292084	0,209673062	2508,231689				
46,8849144	0,217507437	2514,350342				
46,98682022	0,228846014	2520,462646				
47,08877563	0,241675973	2526,583252				
47,1906662	0,250539422	2532,695557				
47,29253387	0,262501001	2538,808838				
47,39427185	0,265075505	2544,913574				
47,49612808	0,266112506	2551,020508				
47,59800339	0,270036191	2557,133545				
47,69977951	0,277887553	2563,243164				
47,80170059	0,284957737	2569,35498				
47,90361023	0,285577863	2575,46875				
48,00551224	0,296016753	2581,585449				
48,1073761	0,295339555	2587,698242				
48,20921707	0,297561973	2593,808838				
48,31116104	0,305247754	2599,922363				
48,41314316	0,313323528	2606,043213				
48,51507187	0,331058115	2612,157715				
48,61686707	0,336290449	2618,266113				
48,71882629	0,350126296	2624,383789				
48,82067108	0,366494656	2630,494385				
48,92264557	0,381733924	2636,614258				
49,02452087	0,390212923	2642,724121				
49,12641525	0,392229408	2648,837891				
49,22831345	0,396755576	2654,953125				
49,33031464	0,401759803	2661,071533				
49,43212509	0,406860143	2667,18042				
49,53410721	0,415304393	2673,302002				
49,63598251	0,421927959	2679,415039				
49,73789978	0,422204226	2685,53125				
49,83989716	0,432639241	2691,648926				
49,94171143	0,447921634	2697,756104				
50,04354477	0,452931046	2703,86792				
50,14530563	0,453301221	2709,971436				
50,24716568	0,453826845	2716,083252				
50,34896851	0,463497609	2722,190186				
50,45082474	0,477632284	2728,304443				
50,55274963	0,487382084	2734,420654				
50,65472031	0,499765098	2740,537598				
50,75663757	0,511747003	2746,650635				
50,85863113	0,515404701	2752,770752				
50,96045303	0,516331017	2758,880615				
51,06233597	0,517306149	2764,994385				
51,16426468	0,526152492	2771,111084				
51,2663002	0,528119087	2777,232178				
51,36837006	0,534629762	2783,354004				
51,47024155	0,544462979	2789,468994				
51,57214355	0,555268049	2795,581543				
51,67404175	0,562915146	2801,697998				
51,77595139	0,568762362	2807,811279				
51,8779335	0,565833986	2813,932373				
51,9798851	0,575028121	2820,047852				
52,08184052	0,579170823	2826,16333				
52,18381882	0,580776513	2832,282715				
52,28575516	0,588949859	2838,399902				
52,38783264	0,599856734	2844,522705				
52,48980331	0,608048379	2850,643555				
52,59170532	0,615855992	2856,755127				
52,69358444	0,622654438	2862,867432				
52,79546356	0,627131999	2868,980469				
52,8973732	0,635856688	2875,095947				
52,99934769	0,633287966	2881,216064				
53,10128403	0,635966182	2887,33252				
53,20308685	0,64030385	2893,44043				
53,30500412	0,643917084	2899,55542				
53,40689087	0,652405977	2905,667725				
53,50885773	0,659139574	2911,786621				
53,61074448	0,671042323	2917,898926				
53,71269608	0,671409905	2924,014648				
53,81464386	0,67424041	2930,131836				
53,91653824	0,679357886	2936,24585				
54,01837158	0,684143484	2942,358887				
54,12023544	0,688205659	2948,468506				
54,22208786	0,698872089	2954,580078				
54,32396317	0,707652271	2960,69043				
54,42592239	0,711075246	2966,810791				
54,52793121	0,709994316	2972,929932				
54,62990952	0,707216084	2979,048584				
54,73186111	0,711419046	2985,164307				
54,83389282	0,717902839	2991,288086				
54,93595505	0,723198295	2997,413574				
55,03797531	0,729908347	3003,532959				
55,13986588	0,732385397	3009,644287				
55,24177933	0,739377022	3015,761719				
55,34378815	0,742143333	3021,882324				
55,44572067	0,749025702	3027,999023				
55,54769516	0,752557278	3034,116699				
55,64971542	0,76268518	3040,235596				
55,75159836	0,765795052	3046,350098				
55,85352707	0,78056854	3052,467529				
55,95553207	0,790633321	3058,586426				
56,05752563	0,794939816	3064,704102				
56,15950012	0,805777073	3070,823242				
56,26148224	0,819164634	3076,942871				
56,36341858	0,82451117	3083,059814				
56,46542358	0,82594806	3089,180176				
56,56734848	0,827566266	3095,292969				
56,66927338	0,830699086	3101,409424				
56,77120972	0,833923459	3107,526855				
56,87311172	0,833291471	3113,639404				
56,97500229	0,832692683	3119,751953				
57,07692719	0,831447303	3125,868408				
57,17880249	0,831816554	3131,98291				
57,28084564	0,833363295	3138,10376				
57,38274384	0,833581626	3144,219482				
57,48463058	0,837283492	3150,331787				
57,58659363	0,843867004	3156,448975				
57,68854141	0,845596075	3162,566406				
57,79046631	0,850905299	3168,682129				
57,89234543	0,856259286	3174,794922				
57,99420166	0,855168223	3180,906738				
58,09619522	0,853376329	3187,02417				
58,1981163	0,857628882	3193,139893				
58,30003357	0,868950963	3199,257568				
58,40195465	0,873610795	3205,369141				
58,50383759	0,880238593	3211,483643				
58,60573578	0,88894558	3217,601074				
58,7076416	0,894104362	3223,714111				
58,80955505	0,890959024	3229,827148				
58,91145325	0,89082402	3235,94043				
59,01334381	0,895161688	3242,053467				
59,11526871	0,895996928	3248,170654				
59,21715927	0,899386942	3254,282959				
59,31905746	0,9031986	3260,39502				
59,42092896	0,903193533	3266,51001				
59,52279663	0,90633148	3272,62085				
59,62473297	0,910229087	3278,738525				
59,72662354	0,915045917	3284,850586				
59,82857513	0,920441866	3290,968994				
59,93053055	0,92093879	3297,085693				
60,03235245	0,919217408	3303,194092				
60,13424683	0,92268306	3309,306396				
60,23616791	0,92367661	3315,423584				
60,33805847	0,924400151	3321,537598				
60,43994904	0,923300087	3327,650146				
60,54179382	0,925543427	3333,760986				
60,64375687	0,928990781	3339,87793				
60,74573898	0,932157993	3345,997559				
60,84766006	0,936573684	3352,113525				
60,94966507	0,940451026	3358,234131				
61,05158997	0,94391048	3364,348877				
61,15354538	0,945126772	3370,466553				
61,25549698	0,945825219	3376,58252				
61,35746765	0,947871208	3382,700928				
61,45940399	0,950043142	3388,819092				
61,56136703	0,949562728	3394,935303				
61,66332245	0,948500037	3401,053711				
61,76533127	0,949121416	3407,176758				
61,86728668	0,947644353	3413,29126				
61,96936417	0,947393596	3419,415771				
62,07129669	0,948306918	3425,532227				
62,17324066	0,94756043	3431,650879				
62,27532959	0,945711315	3437,772217				
62,37727737	0,943186939	3443,890869				
62,47919464	0,938604712	3450,005615				
62,58111954	0,932944298	3456,12207				
62,68311691	0,927160323	3462,240967				
62,78498077	0,917903006	3468,353027				
62,88690567	0,904862285	3474,470703				
62,98892212	0,891524136	3480,591553				
63,09100342	0,876594365	3486,714355				
63,19287491	0,856384933	3492,828369				
63,29473877	0,831772685	3498,94043				
63,39667511	0,816113651	3505,05542				
63,49860764	0,796720505	3511,171143				
63,60045242	0,779783964	3517,280518				
63,70235062	0,765043557	3523,395752				
63,80428696	0,753795683	3529,511963				
63,90634155	0,742479324	3535,634766				
64,00822449	0,730691493	3541,748779				
64,11004639	0,714874566	3547,854736				
64,21189117	0,692693293	3553,968506				
64,31386566	0,669303477	3560,08667				
64,41586304	0,64051944	3566,205811				
64,51786804	0,62460959	3572,327148				
64,61986542	0,604389489	3578,443848				
64,72187042	0,595281899	3584,567383				
64,82369232	0,596412778	3590,674072				
64,92555237	0,597982585	3596,786621				
65,02745819	0,580990911	3602,900391				
65,12940216	0,555939972	3609,019287				
65,23137665	0,555139244	3615,13623				
65,33348083	0,535312355	3621,262451				
65,43553162	0,498351932	3627,385254				
65,53765106	0,470123172	3633,513672				
65,63955688	0,447414041	3639,624512				
65,74153137	0,416557968	3645,74707				
65,84346008	0,374224454	3651,861816				
65,94538879	0,32172966	3657,977539				
66,04730225	0,274673969	3664,090576				
66,14923859	0,2173004	3670,20874				
66,25138092	0,172929838	3676,334961				
66,35320282	0,142789468	3682,445557				
66,45513916	0,125122935	3688,563721				
66,55718231	0,119301103	3694,685303				
66,65917969	0,120219566	3700,805664				
66,76095581	0,1330681	3706,912598				
66,86276245	0,146613434	3713,020996				
66,96465302	0,154658884	3719,135498				
67,06658173	0,150726199	3725,248291				
67,16841125	0,158499792	3731,359619				
67,27037048	0,169747636	3737,475098				
67,37231445	0,179418683	3743,592529				
67,47432709	0,188781321	3749,71582				
67,57609558	0,196696162	3755,821289				
67,67801666	0,204678684	3761,935303				
67,779953	0,21021314	3768,051025				
67,88191223	0,219123378	3774,169434				
67,9838562	0,230236918	3780,286377				
68,08580017	0,240019858	3786,400635				
68,18778992	0,243674979	3792,522949				
68,28972626	0,249089137	3798,640625				
68,39167023	0,263047099	3804,757813				
68,4937439	0,277373344	3810,881104				
68,59568024	0,287453562	3816,996094				
68,6975174	0,307387382	3823,105713				
68,79941559	0,323868871	3829,219727				
68,90132141	0,331929952	3835,334961				
69,0031662	0,342276961	3841,443604				
69,10504913	0,360028774	3847,557617				
69,20692444	0,380827576	3853,670654				
69,30884552	0,392466366	3859,785889				
69,41064453	0,404269427	3865,891846				
69,51242828	0,414270163	3872,000977				
69,61438751	0,416045159	3878,119141				
69,71637726	0,418759108	3884,236816				
69,81832123	0,423652798	3890,352051				
69,92018127	0,434684485	3896,466309				
70,02218628	0,436106086	3902,585693				
70,12411499	0,437941581	3908,700684				
70,22602081	0,441819042	3914,818115				
70,32793427	0,438621491	3920,929932				
70,42985535	0,438839525	3927,045654				
70,5316925	0,43833217	3933,153809				
70,6336441	0,439729661	3939,274902				
70,73551178	0,440102041	3945,385986				
70,83744049	0,4419128	3951,499023				
70,93937683	0,438518345	3957,617676				
71,04125214	0,437222511	3963,729492				
71,14320374	0,434245378	3969,847412				
71,24506378	0,431322098	3975,957764				
71,34701538	0,429526567	3982,075684				
71,44889832	0,428683758	3988,188721				
71,55083466	0,427814066	3994,305176				
71,65278625	0,428115726	4000,421875				
71,75469971	0,425827205	4006,536865				
71,85667419	0,421344101	4012,654785				
71,95860291	0,413036138	4018,771973				
72,06060791	0,397884846	4024,891357				
72,16253662	0,387901008	4031,006592				
72,26447296	0,384636581	4037,121338				
72,36634827	0,373294204	4043,234131				
72,46832275	0,351386219	4049,354492				
72,57025146	0,337527096	4055,470703				
72,67215729	0,30725643	4061,583496				
72,77410889	0,267401487	4067,701904				
72,87598419	0,249201417	4073,813721				
72,97787476	0,242450699	4079,92749				
73,07984924	0,234455809	4086,04834				
73,1818924	0,227118596	4092,169922				
73,28381348	0,215260103	4098,284668				
73,38577271	0,21083802	4104,401855				
73,48781586	0,20251669	4110,522949				
73,58963013	0,188893288	4116,632324				
73,69167328	0,180088073	4122,756836				
73,79351044	0,166122064	4128,865234				
73,89537048	0,153261721	4134,977539				
73,99732971	0,137420729	4141,093262				
74,09928131	0,12230888	4147,213379				
74,2011795	0,106319383	4153,324707				
74,30313873	0,096532315	4159,444824				
74,40512085	0,083842434	4165,561523				
74,5070343	0,063689031	4171,678223				
74,60897827	0,049040284	4177,793457				
74,71082306	0,03155176	4183,904785				
74,81278992	0,020772874	4190,021484				
74,91473389	0,009036163	4196,141602				
75,01661682	-0,005318528	4202,25293				
75,11856842	-0,006147972	4208,370117				
75,22055054	-0,009342299	4214,48877				
75,32248688	-0,003674593	4220,604492				
75,42441559	3,31E-05	4226,71875				
75,52630615	0,001546523	4232,834961				
75,6282196	-0,000593065	4238,947266				
75,73016357	-0,00290793	4245,064941				
75,83198547	-0,003005948	4251,17334				
75,933815	-0,00479822	4257,283691				
76,03575134	-0,010837198	4263,400879				
76,13768768	-0,020918952	4269,51709				
76,23970032	-0,022338789	4275,638184				
76,34169006	-0,017034315	4281,756836				
76,44364166	-0,009021956	4287,87207				
76,54557037	-0,002037975	4293,990234				
76,64755249	0,006095807	4300,111328				
76,74946594	0,00915549	4306,223145				
76,85134125	0,01303747	4312,336426				
76,95315552	0,022546099	4318,443848				
77,05503845	0,025660548	4324,5625				
77,15686798	0,022594076	4330,666992				
77,2587738	0,021377204	4336,782227				
77,3607254	0,022013657	4342,898438				
77,46272278	0,020466242	4349,018555				
77,56465912	0,019017199	4355,13623				
77,66657257	0,019574391	4361,249512				
77,76848602	0,025515806	4367,366211				
77,8704834	0,035193827	4373,484863				
77,97239685	0,040197305	4379,600586				
78,07437134	0,044328459	4385,717773				
78,17626953	0,050754365	4391,82959				
78,27819061	0,053197291	4397,943359				
78,38017273	0,051736068	4404,06543				
78,48209381	0,054834861	4410,181152				
78,58414459	0,05408141	4416,301758				
78,68602753	0,048819996	4422,419922				
78,7879715	0,046618611	4428,535156				
78,88987732	0,048480816	4434,648926				
78,99183655	0,050933786	4440,766113				
79,09386444	0,054343048	4446,885254				
79,19577026	0,057851769	4453,002441				
79,29771423	0,060482193	4459,120117				
79,39962769	0,062747568	4465,233398				
79,50152588	0,061002251	4471,347656				
79,60353851	0,058897596	4477,468262				
79,70540619	0,057821989	4483,582031				
79,80736542	0,057807054	4489,699707				
79,90929413	0,059799254	4495,81543				
80,01127625	0,063005723	4501,935059				
80,11325073	0,067865983	4508,054199				
80,21514893	0,072156653	4514,166992				
80,31707764	0,075434275	4520,28418				
80,41893005	0,082472526	4526,395508				
80,52058411	0,085915692	4532,494141				
80,62258148	0,085787609	4538,616211				
80,72452545	0,092604093	4544,730469				
80,82630157	0,100561276	4550,835938				
80,9282074	0,10928341	4556,953125				
81,03002167	0,114141405	4563,0625				
81,13198853	0,122834973	4569,182129				
81,23394012	0,127421498	4575,29834				
81,33589172	0,141092494	4581,417969				
81,43796539	0,149004996	4587,541504				
81,53985596	0,158818468	4593,655273				
81,64195251	0,185056031	4599,78125				
81,74373627	0,209952191	4605,885742				
81,84566498	0,234825611	4612,00293				
81,94747162	0,264340878	4618,111328				
82,04940796	0,290051818	4624,227051				
82,15139771	0,312601537	4630,347168				
82,2532959	0,337752938	4636,458984				
82,35522461	0,367213637	4642,57666				
82,45715332	0,390821099	4648,690918				
82,55899811	0,406718999	4654,803223				
82,66087341	0,416781604	4660,916016				
82,76276398	0,430465966	4667,026367				
82,86466217	0,447757989	4673,142578				
82,96657562	0,468185008	4679,256836				
83,0684967	0,487542689	4685,372559				
83,17037964	0,511833608	4691,486328				
83,27213287	0,524892509	4697,59082				
83,37394714	0,529906571	4703,697266				
83,47595978	0,529810369	4709,819336				
83,57788849	0,538677692	4715,937012				
83,67971802	0,548875451	4722,046875				
83,78166199	0,556414068	4728,162109				
83,88362885	0,563466132	4734,279785				
83,98548126	0,576114714	4740,39209				
84,08739471	0,584227085	4746,505371				
84,18923187	0,589476526	4752,614258				
84,29114532	0,591004312	4758,730469				
84,39308929	0,593994081	4764,848145				
84,49511719	0,602135658	4770,96875				
84,59709167	0,598504722	4777,087402				
84,69909668	0,599580586	4783,20752				
84,80101013	0,60321784	4789,322754				
84,90287781	0,607965052	4795,433594				
85,00475311	0,603904307	4801,546387				
85,10658264	0,600531399	4807,654297				
85,20863342	0,59846884	4813,780762				
85,31056213	0,598716557	4819,894043				
85,41255188	0,599651575	4826,014648				
85,51448822	0,604725122	4832,130371				
85,61634064	0,604952335	4838,241211				
85,7183609	0,603119373	4844,361816				
85,82025146	0,601030409	4850,476563				
85,92229462	0,599282444	4856,598145				
86,02407074	0,600803256	4862,707031				
86,12596893	0,602631748	4868,817871				
86,22788239	0,606187046	4874,933105				
86,32978821	0,606712162	4881,047363				
86,43170929	0,60599345	4887,164063				
86,53364563	0,605979025	4893,277344				
86,63568115	0,60700351	4899,401367				
86,73757935	0,608389556	4905,513184				
86,8394928	0,607989192	4911,631348				
86,9413681	0,606147051	4917,744141				
87,04327393	0,603494406	4923,856934				
87,14515686	0,600373149	4929,974609				
87,24711609	0,592850864	4936,087891				
87,34896851	0,586192369	4942,200195				
87,45088196	0,583325446	4948,313965				
87,55267334	0,580509186	4954,422852				
87,65454102	0,571154952	4960,53418				
87,75645447	0,564158976	4966,646484				
87,85838318	0,558386564	4972,764648				
87,96015167	0,545500994	4978,871094				
88,06203461	0,532796562	4984,982422				
88,16391754	0,521539092	4991,09668				
88,26574707	0,51229167	4997,206055				
88,36763	0,508931637	5003,319824				
88,46944427	0,504760325	5009,427246				
88,57131195	0,504680574	5015,540039				
88,67332458	0,495683879	5021,660645				
88,77523804	0,48573637	5027,776855				
88,8772049	0,475318342	5033,891113				
88,97915649	0,474331766	5040,012207				
89,08123779	0,475934952	5046,13623				
89,18315125	0,478291631	5052,250488				
89,28500366	0,467967033	5058,359375				
89,38703156	0,460261792	5064,482422				
89,48894501	0,453682125	5070,596191				
89,5908432	0,443407327	5076,709473				
89,69274139	0,430719763	5082,821777				
89,79464722	0,426195979	5088,939941				
89,89655304	0,424774468	5095,053223				
89,99850464	0,422227234	5101,169922				
90,10041809	0,413047224	5107,282715				
90,20220184	0,40659228	5113,395508				
90,30406189	0,39382726	5119,505371				
90,40589142	0,385416955	5125,612305				
90,50774384	0,363308847	5131,724121				
90,60971069	0,363292933	5137,840332				
90,71154785	0,368274391	5143,953613				
90,81356812	0,374317855	5150,074707				
90,91552734	0,376171231	5156,19043				
91,0174408	0,380670786	5162,308105				
91,11927795	0,383897632	5168,415039				
91,22110748	0,386250585	5174,526855				
91,32310486	0,386965632	5180,643066				
91,42488861	0,390045553	5186,753418				
91,52684784	0,393854201	5192,874023				
91,62878418	0,394946665	5198,98877				
91,73078918	0,397610605	5205,11084				
91,83268738	0,401127636	5211,222656				
91,93457031	0,397918671	5217,335449				
92,03652191	0,388912678	5223,45459				
92,13848114	0,364644349	5229,570801				
92,24036407	0,341221094	5235,682129				
92,34225464	0,318228513	5241,795898				
92,4440918	0,287126184	5247,906738				
92,5460968	0,261879265	5254,027344				
92,64804077	0,229179725	5260,144531				
92,74999237	0,144722372	5266,262695				
92,8519516	0,043827925	5272,37793				
92,95391083	-0,053542465	5278,496582				
93,05570984	-0,123549782	5284,602539				
93,15762329	-0,159769922	5290,719238				
93,259552	-0,170756459	5296,835449				
93,36148834	-0,151086837	5302,952148				
93,46347809	-0,11965511	5309,067871				
93,56546021	-0,147996202	5315,190918				
93,66729736	-0,186605677	5321,299316				
93,7692337	-0,218394175	5327,415039				
93,87124634	-0,247537419	5333,535645				
93,97315216	-0,269384354	5339,650391				
94,07497406	-0,274840951	5345,759277				
94,17695618	-0,268661499	5351,877441				
94,27879333	-0,26875788	5357,990723				
94,38079834	-0,274333328	5364,109375				
94,48279572	-0,264579743	5370,230957				
94,5847702	-0,264107227	5376,347168				
94,68669128	-0,276528895	5382,462402				
94,78865051	-0,289966106	5388,580078				
94,89056396	-0,30215019	5394,695801				
94,99266052	-0,304787487	5400,824219				
95,09464264	-0,318193257	5406,941406				
95,19651794	-0,344768018	5413,051758				
95,29842377	-0,35497278	5419,165039				
95,40036011	-0,371108264	5425,28418				
95,50225067	-0,384770662	5431,397461				
95,60415649	-0,398084879	5437,509766				
95,70600891	-0,402943969	5443,623535				
95,80797577	-0,420734853	5449,740723				
95,90991974	-0,442164004	5455,858887				
96,0118866	-0,463563412	5461,977539				
96,11370087	-0,484778881	5468,084473				
96,21567535	-0,508108079	5474,203125				
96,31761169	-0,531703711	5480,318848				
96,41947937	-0,543004096	5486,433105				
96,5213089	-0,559371352	5492,541016				
96,62328339	-0,577297509	5498,659668				
96,72518921	-0,595151663	5504,774414				
96,82707977	-0,613638401	5510,888672				
96,92895508	-0,636657953	5517,00293				
97,03088379	-0,662572622	5523,115234				
97,13267517	-0,689002454	5529,223633				
97,23461914	-0,704582095	5535,344238				
97,33657074	-0,722724855	5541,459473				
97,4385376	-0,743774116	5547,57373				
97,54032898	-0,781370938	5553,682129				
97,64217377	-0,832286537	5559,79541				
97,7441864	-0,883572102	5565,916016				
97,84613037	-0,912985146	5572,031738				
97,94796753	-0,933460295	5578,140137				
98,04991913	-0,955678463	5584,26123				
98,15177155	-0,975815952	5590,370605				
98,25376892	-1,000317574	5596,489746				
98,35571289	-1,026923418	5602,606445				
98,45764923	-1,053052664	5608,724121				
98,55953217	-1,087102175	5614,836914				
98,66146088	-1,120642662	5620,952148				
98,76351166	-1,149738431	5627,074707				
98,865448	-1,171801686	5633,191406				
98,96733093	-1,188473821	5639,303223				
99,06931305	-1,205877662	5645,424316				
99,17126465	-1,225421548	5651,539551				
99,27307892	-1,246510267	5657,648926				
99,37507629	-1,26400125	5663,769043				
99,47697449	-1,291370273	5669,883301				
99,57893372	-1,308239937	5676				
99,68086243	-1,325940967	5682,115234				
99,78279114	-1,349333405	5688,231445				
99,8846817	-1,381263018	5694,344238				
99,98667908	-1,40553987	5700,466797				
