scan 1420/11/202208:13:50		
temp(C)	power	time(seconds)
99,88513947	-537,7584839	6,118543148
99,77593231	-550,4154053	12,23585701
99,6740799	-435,5120239	18,35171127
99,57292175	-345,7674561	24,47032928
99,47193909	-275,2320251	30,58538628
99,3710556	-213,1156769	36,70455551
99,27018738	-157,2879181	42,82131577
99,16936493	-108,5597382	48,93801498
99,06851959	-67,40512085	55,056633
98,96773529	-33,85758209	61,16896057
98,86690521	-7,127049923	67,28153229
98,7660141	13,57718277	73,40148163
98,66512299	29,19839096	79,51515961
98,56409454	40,69341278	85,63885498
98,46310425	48,85528946	91,75836182
98,36210632	54,52528	97,87545013
98,26122284	58,32670212	103,9857407
98,16021729	60,5261879	110,0987473
98,05910492	61,62185669	116,2229462
97,95809937	61,93258286	122,3338928
97,85694122	61,56489563	128,4509888
97,75597382	60,7454834	134,5545959
97,65494537	59,67530441	140,6641998
97,5537262	58,42882919	146,7838135
97,4524231	57,06268692	152,9050446
97,35112762	55,65097809	159,0257568
97,24990845	54,17143631	165,1391907
97,14859772	52,69604111	171,2558289
97,04727173	51,20584106	177,374054
96,94594574	49,74876785	183,4911957
96,84446716	48,38421249	189,6174011
96,74317169	47,15394974	195,7268829
96,64185333	46,03884888	201,8411255
96,54040527	45,04895401	207,9568481
96,43901062	44,28338623	214,0740204
96,33751678	43,5782547	220,1914673
96,23610687	42,75034714	226,3038483
96,13469696	41,85603714	232,4190979
96,03322601	40,93133163	238,5363464
95,9317627	39,98394012	244,6486511
95,83015442	39,06622696	250,7708435
95,72893524	38,17512894	256,8685913
95,62750244	37,25862885	262,9776611
95,52589417	36,4031601	269,0980225
95,42444611	35,6008606	275,2064514
95,32281494	34,87722015	281,3258972
95,22121429	34,20365906	287,4433594
95,11962891	33,50932312	293,5598755
95,01796722	32,85434723	299,6820374
94,91635895	32,24003601	305,7949829
94,8147049	31,65006065	311,9087219
94,71299744	31,07236099	318,0316467
94,61142731	30,54721069	324,1427307
94,50988007	30,04621124	330,2548523
94,40821075	29,58524704	336,3684082
94,30665588	29,10241318	342,4779053
94,20491028	28,6821022	348,5999146
94,10315704	28,28201866	354,7180786
94,00137329	27,89661026	360,8378296
93,89954376	27,52319145	366,9628601
93,79785156	27,13481712	373,0751038
93,69611359	26,78602219	379,1923218
93,59447479	26,47768211	385,3030701
93,49269104	26,25937271	391,4231262
93,39086914	26,06580544	397,5446777
93,28907013	25,81694031	403,6625061
93,18727875	25,54836655	409,782196
93,08562469	25,27780533	415,8918762
92,9839859	24,99003983	421,9987793
92,88217163	24,69288254	428,1192017
92,78037262	24,40666962	434,2381592
92,67877197	24,15334511	440,340332
92,57700348	23,88093376	446,458252
92,47520447	23,64936256	452,5703735
92,37353516	23,41157532	458,6809082
92,27171326	23,21286201	464,7969055
92,16988373	23,09782791	470,9158936
92,06804657	22,92222595	477,0323486
91,96614075	22,70727539	483,1531982
91,86437225	22,50880432	489,2669373
91,76265717	22,31825256	495,3788147
91,66082764	22,12508011	501,4940491
91,55892944	21,96066475	507,6128235
91,45727539	21,75680733	513,71875
91,35542297	21,57980156	519,8366089
91,25361633	21,43363571	525,953125
91,15182495	21,25412369	532,0643921
91,04985809	21,09470367	538,187439
90,94794464	20,92852974	544,3063965
90,84618378	20,72869682	550,4191895
90,74437714	20,57078743	556,5297852
90,6427002	20,42852402	562,6359253
90,54095459	20,27740669	568,7451782
90,43938446	20,1857605	574,8464966
90,33757019	20,10070229	580,9596558
90,23574829	20,03711891	587,071167
90,13387299	19,99427605	593,1879883
90,03205872	19,90634537	599,2993774
89,93022156	19,80299568	605,4174194
89,82830048	19,67720413	611,5349731
89,7264328	19,58691597	617,6513672
89,62447357	19,48454666	623,7705078
89,52262115	19,38693047	629,8846436
89,4207077	19,30618858	636,0023804
89,31881714	19,24686432	642,1200562
89,21698761	19,12835121	648,2341919
89,11508179	19,02895164	654,3478394
89,01319885	18,94813538	660,4650269
88,91117096	18,84610367	666,5899658
88,8093338	18,73438644	672,7040405
88,70736694	18,65462303	678,822876
88,60547638	18,59449577	684,9394531
88,50359344	18,52626038	691,0535889
88,40172577	18,45116615	697,1673584
88,29981232	18,37103271	703,2844849
88,19801331	18,27542114	709,3965454
88,09617615	18,19760895	715,5081787
87,99433136	18,12356186	721,6206055
87,89243317	18,06999397	727,7364502
87,79040527	17,98829842	733,8584595
87,68848419	17,90535355	739,9766235
87,58665466	17,81715393	746,0872803
87,48467255	17,72240257	752,2084351
87,38272095	17,66811943	758,3262939
87,2808609	17,59538841	764,4406738
87,17909241	17,52429199	770,5475464
87,07710266	17,46979523	776,6690063
86,97518158	17,40639114	782,7841187
86,87333679	17,32836914	788,8972778
86,77139282	17,2348671	795,0161133
86,66944885	17,14941978	801,1324463
86,56761169	17,08472061	807,2441406
86,46564484	17,02621078	813,364563
86,36363983	16,9727478	819,486084
86,26173401	16,92420197	825,6010742
86,15982819	16,85026932	831,7172852
86,05799866	16,7673378	837,8282471
85,95608521	16,68783569	843,942688
85,85415649	16,64208221	850,0612793
85,75224304	16,5886631	856,1744995
85,65045166	16,52290535	862,2835693
85,54860687	16,47158051	868,3951416
85,4466629	16,40936279	874,5123291
85,34477997	16,33479118	880,6264038
85,24298096	16,26573372	886,7360229
85,14108276	16,20275307	892,8497314
85,03929901	16,14896393	898,9580688
84,93745422	16,0845108	905,0728149
84,83548737	16,01799202	911,1881104
84,73360443	15,95615005	917,3021851
84,63172913	15,89286137	923,4153442
84,52996063	15,83158779	929,5197144
84,42806244	15,78110981	935,6339111
84,32628632	15,7309866	941,7450562
84,22433472	15,6807766	947,8601074
84,12238312	15,60864162	953,9793701
84,02039337	15,54903793	960,0991821
83,91841888	15,48630238	966,2182007
83,81655884	15,42971802	972,3297119
83,7146225	15,34798622	978,4464722
83,61273193	15,28114986	984,5591431
83,510849	15,24320316	990,6733398
83,40894318	15,19966221	996,7869873
83,30700684	15,13431263	1002,904236
83,20508575	15,0897541	1009,020996
83,10309601	15,04215145	1015,138611
83,00128174	14,99021339	1021,249268
82,89935303	14,92527962	1027,364502
82,79740906	14,876091	1033,483521
82,69543457	14,84327412	1039,601074
82,59367371	14,8024044	1045,707031
82,49165344	14,73260593	1051,829468
82,38975525	14,68379784	1057,942505
82,28790283	14,62416553	1064,053223
82,18598938	14,56943417	1070,170776
82,08408356	14,50298977	1076,285156
81,98213959	14,45281315	1082,403809
81,88018799	14,41762829	1088,519165
81,77815247	14,37054539	1094,642578
81,67627716	14,3123455	1100,754761
81,57430267	14,2491827	1106,872681
81,47245026	14,19720936	1112,984253
81,37052155	14,14386749	1119,100464
81,26863861	14,09510326	1125,212036
81,16674042	14,04993057	1131,327026
81,06490326	14,01073265	1137,436401
80,96292877	13,95678711	1143,557617
80,86109161	13,90468502	1149,667969
80,75914764	13,85185528	1155,782715
80,65714264	13,80036259	1161,904541
80,55529022	13,73666668	1168,01416
80,45346069	13,68098545	1174,124512
80,3515625	13,62634373	1180,236694
80,24969482	13,57591438	1186,351074
80,14781189	13,52637386	1192,467407
80,04584503	13,47999573	1198,581055
79,94403076	13,43702888	1204,690796
79,84207153	13,38480473	1210,808716
79,74015808	13,34177113	1216,924805
79,63833618	13,29122543	1223,035034
79,53638458	13,25449467	1229,15271
79,43437195	13,21767139	1235,272339
79,33236694	13,18096733	1241,392944
79,23042297	13,1339016	1247,508301
79,12844086	13,08502388	1253,629272
79,026474	13,01567268	1259,746094
78,92460632	12,9572525	1265,858887
78,82268524	12,91661167	1271,972168
78,72072601	12,89674282	1278,091675
78,61882782	12,86401653	1284,203247
78,51685333	12,81242752	1290,326294
78,41491699	12,78770638	1296,440674
78,31295776	12,73938179	1302,557129
78,21096039	12,67287827	1308,678345
78,10900116	12,61871624	1314,794922
78,00706482	12,58260918	1320,912109
77,90518188	12,54309273	1327,02356
77,80323029	12,49056244	1333,143677
77,70124817	12,44243908	1339,261108
77,59931183	12,40537262	1345,375488
77,49739838	12,35534096	1351,493408
77,39557648	12,30809593	1357,602295
77,29369354	12,23380756	1363,713989
77,19178009	12,16142273	1369,828491
77,08987427	12,099473	1375,942749
76,98783112	12,05477524	1382,065186
76,88588715	12,02934361	1388,183105
76,7841568	12,00930595	1394,284058
76,68225098	11,97805309	1400,400757
76,58032227	11,9476099	1406,515503
76,47846985	11,91694641	1412,627686
76,37660217	11,89778519	1418,740845
76,27485657	11,86793613	1424,845093
76,17293549	11,82560349	1430,960938
76,07102203	11,79394913	1437,073853
75,96904755	11,74855518	1443,194336
75,86711884	11,70948601	1449,310669
75,76516724	11,66646957	1455,427002
75,66316223	11,62833405	1461,550537
75,56119537	11,59397793	1467,665894
75,45926666	11,57614708	1473,780396
75,3572464	11,55636597	1479,901855
75,25543976	11,53442383	1486,011475
75,15355682	11,4950943	1492,122437
75,05167389	11,45781231	1498,234009
74,94978333	11,43450069	1504,350098
74,84790802	11,39937878	1510,463135
74,74604797	11,3368988	1516,572388
74,64424133	11,28101158	1522,682983
74,5422821	11,24587631	1528,79834
74,44039154	11,1808815	1534,91272
74,33842468	11,0852108	1541,031494
74,2364502	11,00601482	1547,147217
74,13449097	10,95781898	1553,266846
74,03259277	10,94404125	1559,381104
73,93071747	10,92152214	1565,49353
73,8288269	10,90944195	1571,603027
73,72691345	10,89996147	1577,720703
73,62499237	10,88636208	1583,836304
73,52310944	10,85537624	1589,949341
73,42106628	10,83169556	1596,073608
73,31900024	10,80910778	1602,195923
73,21717072	10,77908897	1608,306519
73,11509705	10,7350235	1614,430054
73,01313019	10,70259094	1620,546875
72,91130066	10,6596241	1626,658447
72,80943298	10,60197735	1632,771606
72,70750427	10,53016663	1638,887817
72,60555267	10,48518562	1645,005371
72,50358582	10,4456892	1651,122314
72,40169525	10,42464828	1657,234131
72,29976654	10,4236412	1663,350342
72,19780731	10,42617512	1669,468506
72,09586334	10,4072504	1675,586914
71,99389648	10,39295864	1681,701538
71,89196777	10,37514877	1687,819336
71,78993988	10,3581953	1693,940674
71,68798065	10,30623531	1700,059448
71,58597565	10,25025749	1706,178467
71,48409271	10,22531509	1712,292603
71,38207245	10,22673893	1718,414063
71,28009796	10,2318306	1724,532104
71,17821503	10,22861671	1730,643555
71,07627869	10,22663593	1736,76001
70,97437286	10,23068428	1742,872925
70,87245178	10,2173624	1748,990479
70,77050018	10,1960516	1755,1073
70,66850281	10,18727684	1761,227051
70,56652832	10,18007374	1767,343994
70,46464539	10,16132164	1773,460327
70,36260223	10,13534641	1779,581543
70,2605896	10,11027241	1785,700928
70,15857697	10,08826637	1791,824585
70,05654144	10,07299042	1797,945557
69,95457458	10,06508446	1804,061768
69,85259247	10,05556583	1810,182129
69,75056458	10,03686142	1816,30249
69,64859772	10,01277161	1822,421265
69,54665375	9,996488571	1828,536255
69,44470215	9,985216141	1834,655396
69,34265137	9,968836784	1840,77832
69,24069214	9,952990532	1846,897217
69,13885498	9,944416046	1853,006836
69,03684998	9,936902046	1859,12561
68,93482971	9,920581818	1865,246094
68,83300018	9,908790588	1871,355347
68,73097992	9,898962021	1877,47937
68,62902832	9,897912025	1883,593018
68,5271759	9,897123337	1889,705933
68,42521667	9,888997078	1895,825562
68,32333374	9,870820999	1901,937256
68,22141266	9,856572151	1908,048828
68,11953735	9,835175514	1914,166016
68,01759338	9,825522423	1920,282837
67,91576385	9,823384285	1926,392578
67,81376648	9,824688911	1932,508911
67,71192932	9,821660042	1938,622681
67,61001587	9,810798645	1944,738037
67,50813293	9,802096367	1950,849731
67,40617371	9,798649788	1956,966675
67,30420685	9,801722527	1963,085693
67,20227814	9,807517052	1969,200928
67,10041809	9,812796593	1975,311646
66,99846649	9,815995216	1981,429077
66,89659882	9,811840057	1987,542847
66,79464722	9,80887413	1993,662476
66,69256592	9,807810783	1999,783691
66,59054565	9,807876587	2005,905762
66,48862457	9,79801178	2012,018066
66,38674164	9,796322823	2018,131104
66,28488922	9,798516273	2024,243896
66,18283081	9,802639008	2030,367676
66,08070374	9,803823471	2036,494751
65,97877502	9,805713654	2042,61145
65,87687683	9,80931282	2048,724609
65,7750473	9,81428051	2054,834961
65,67301178	9,81627655	2060,957275
65,57122803	9,823174477	2067,063232
65,4692688	9,835611343	2073,181641
65,36733246	9,866231918	2079,296387
65,2653656	9,903285027	2085,418213
65,1634903	9,930837631	2091,528076
65,06144714	9,95430088	2097,649658
64,95944977	9,956820488	2103,769531
64,85748291	9,954189301	2109,890381
64,75547028	9,969747543	2116,01001
64,65349579	9,99294281	2122,127441
64,5515976	10,01637745	2128,241943
64,44960785	10,04887867	2134,360596
64,34775543	10,07570076	2140,472412
64,24573517	10,11626911	2146,592773
64,14386749	10,15128803	2152,704346
64,04201508	10,18401432	2158,818604
63,94002533	10,2230444	2164,932129
63,83823013	10,27305889	2171,042725
63,73630524	10,3125391	2177,157715
63,63434601	10,35607052	2183,275879
63,53247452	10,39080238	2189,388184
63,43047333	10,42402744	2195,50708
63,32855225	10,45250893	2201,623291
63,22668457	10,50096893	2207,735107
63,12469482	10,53207207	2213,855957
63,02288055	10,57041454	2219,966309
62,92097473	10,63340282	2226,079346
62,81887817	10,69904709	2232,206299
62,71686554	10,7482481	2238,324463
62,61496735	10,78178406	2244,440918
62,51301193	10,82932186	2250,554688
62,41112518	10,88128567	2256,668213
62,30919266	10,92702103	2262,788574
62,20716476	10,98028374	2268,908203
62,10524368	11,02414799	2275,023438
62,00319672	11,06868649	2281,146484
61,90122604	11,11558151	2287,263672
61,79917526	11,16321468	2293,385254
61,69732666	11,21450424	2299,498779
61,59536743	11,28869057	2305,613525
61,49347687	11,35696507	2311,727783
61,39158249	11,42223072	2317,844482
61,2896347	11,46454525	2323,95752
61,18758011	11,49227524	2330,081787
61,08566284	11,53294945	2336,198975
60,98358536	11,58655548	2342,320313
60,88162231	11,63043213	2348,438721
60,77974319	11,66434002	2354,554443
60,67771149	11,68749332	2360,676514
60,57570648	11,72359562	2366,795654
60,47367477	11,76484871	2372,917236
60,3717308	11,79089069	2379,033691
60,26984787	11,80797482	2385,145508
60,16792679	11,8156786	2391,260498
60,06607056	11,83464241	2397,372559
59,96410751	11,84299946	2403,489014
59,86222839	11,87230396	2409,603027
59,76025772	11,89077187	2415,721924
59,6584053	11,90346622	2421,831543
59,55648041	11,91232204	2427,948242
59,45458221	11,91591072	2434,063477
59,35274124	11,91272926	2440,173096
59,25081253	11,91471291	2446,288086
59,14892578	11,92166901	2452,39917
59,0470314	11,92419052	2458,514893
58,94527817	11,92422295	2464,618408
58,84341049	11,92148685	2470,732178
58,74137497	11,9158802	2476,854248
58,63944244	11,91401482	2482,969971
58,53748322	11,91251278	2489,089111
58,43559265	11,91425991	2495,200439
58,33365631	11,91603565	2501,314941
58,23178864	11,91453075	2507,430176
58,12983704	11,91149616	2513,545654
58,02801895	11,90976906	2519,655762
57,92601776	11,9062109	2525,776123
57,82421112	11,9027977	2531,884521
57,72232819	11,89874268	2537,996094
57,62030029	11,89564323	2544,11792
57,51835251	11,89326191	2550,235352
57,41651535	11,88475037	2556,346924
57,31444931	11,87503338	2562,469482
57,21252441	11,86412334	2568,585205
57,11062241	11,84987068	2574,698975
57,00862885	11,82648659	2580,821045
56,90681076	11,81137657	2586,927734
56,80488586	11,78851891	2593,041504
56,70292282	11,73906994	2599,161865
56,6009903	11,6964674	2605,278076
56,49895096	11,65653229	2611,400879
56,39702606	11,60973263	2617,51416
56,2951088	11,55945873	2623,631592
56,19314194	11,51591492	2629,750732
56,09119797	11,47357178	2635,862793
55,98931885	11,4262104	2641,976563
55,88750076	11,36168289	2648,085938
55,78556442	11,29803371	2654,202393
55,68352127	11,24016666	2660,324951
55,58146667	11,18742371	2666,44873
55,47946167	11,1361084	2672,570068
55,37754822	11,0779562	2678,684082
55,27559662	11,02727985	2684,802002
55,1735611	10,98408031	2690,927734
55,07163239	10,93185902	2697,039795
54,96969604	10,88889408	2703,154541
54,8678093	10,84052849	2709,265869
54,76597595	10,8045435	2715,377197
54,66398621	10,76615906	2721,498535
54,56204987	10,73999119	2727,614502
54,46011353	10,71024036	2733,727295
54,35817719	10,68291855	2739,846191
54,25645447	10,66243553	2745,950439
54,15453339	10,63879204	2752,06543
54,05265427	10,59831524	2758,177734
53,950737	10,57791328	2764,293457
53,84873581	10,57362652	2770,412842
53,74679184	10,56340694	2776,527588
53,64492035	10,55222225	2782,644043
53,54299545	10,52885628	2788,758545
53,44110489	10,51070786	2794,870117
53,33919144	10,48242283	2800,986816
53,23730087	10,46315193	2807,099609
53,13542938	10,44670677	2813,2146
53,03343201	10,42676353	2819,330322
52,93157959	10,41318703	2825,441162
52,82970047	10,39700413	2831,556152
52,72777176	10,3767786	2837,671631
52,62578964	10,36540031	2843,789551
52,52385712	10,35225201	2849,906982
52,42188263	10,34301758	2856,026367
52,31993866	10,33344746	2862,141357
52,21800232	10,33024216	2868,256348
52,11610794	10,32775974	2874,369873
52,01422501	10,31329155	2880,48291
51,91228485	10,29383755	2886,60083
51,81042099	10,28274441	2892,71167
51,70848465	10,26453972	2898,82666
51,60656357	10,25502586	2904,944336
51,50454712	10,25419617	2911,063477
51,40255737	10,24940872	2917,184326
51,30052185	10,23090363	2923,305908
51,19865417	10,21951389	2929,420166
51,0966835	10,21436596	2935,532471
50,99477005	10,21624756	2941,649902
50,89294052	10,20538521	2947,76001
50,79105759	10,19543743	2953,875488
50,68894196	10,1880312	2960,000244
50,58702087	10,18955994	2966,114746
50,4850502	10,17830753	2972,235596
50,38311768	10,16094971	2978,351318
50,28115845	10,15130234	2984,466797
50,17918777	10,14127922	2990,58667
50,07709122	10,13451099	2996,713867
49,97514725	10,13220978	3002,828125
49,87320709	10,12242317	3008,943604
49,77123642	10,11470222	3015,063477
49,66916275	10,1013689	3021,187256
49,56732178	10,08989143	3027,29834
49,46539307	10,09277725	3033,41333
49,36349487	10,08798695	3039,527832
49,26166153	10,07455826	3045,63916
49,1598587	10,06815624	3051,741699
49,05895996	10,06594372	3057,797363
48,95741272	10,05152035	3063,890625
48,85566711	10,03411388	3069,99707
48,7538681	10,03323841	3076,106445
48,6519928	10,03012371	3082,219971
48,5503006	10,01907444	3088,318359
48,44852829	10,01351643	3094,442627
48,34619141	10,00854874	3100,567139
48,24426651	10,00540257	3106,681641
48,14239502	9,997937202	3112,794189
48,04041672	9,987882614	3118,911377
47,9384079	9,986997604	3125,032471
47,83638	9,976821899	3131,153809
47,73460388	9,962537766	3137,256592
47,63285065	9,958286285	3143,363281
47,53119278	9,952350616	3149,467773
47,42931747	9,946296692	3155,580322
47,32725906	9,939279556	3161,700684
47,2252121	9,936131477	3167,825684
47,1233139	9,933224678	3173,940186
47,02123642	9,932650566	3180,063232
46,91960526	9,926935196	3186,158203
46,81827545	9,924434662	3192,241455
46,71649933	9,928503036	3198,345947
46,61472321	9,926046371	3204,453613
46,51306915	9,921357155	3210,552246
46,41143036	9,914887428	3216,650391
46,30970764	9,908298492	3222,753906
46,20811081	9,898421288	3228,847656
46,10652161	9,888775826	3234,94458
46,00490952	9,885953903	3241,04248
45,90338135	9,885767937	3247,131348
45,80194855	9,883874893	3253,218506
45,70029449	9,877542496	3259,320068
45,59866333	9,870773315	3265,416992
45,49691391	9,867851257	3271,520752
45,39531708	9,866768837	3277,617432
45,29376221	9,868885994	3283,710449
45,19221878	9,87156868	3289,801514
45,09073257	9,870686531	3295,888428
44,98927307	9,867167473	3301,981445
44,88771439	9,867883682	3308,073242
44,78626633	9,870054245	3314,161377
44,68428802	9,870439529	3320,281738
44,58227539	9,865696907	3326,403564
44,48033142	9,86423111	3332,519287
44,37816238	9,864040375	3338,650391
44,27619171	9,860128403	3344,767578
44,17425919	9,855257988	3350,884033
44,07236862	9,856235504	3356,999268
43,9703064	9,857194901	3363,116699
43,86841202	9,856673241	3369,235107
43,76717758	9,853999138	3375,304443
43,66627884	9,856202126	3381,355469
43,56539536	9,858337402	3387,41333
43,46422577	9,859859467	3393,480713
43,36328125	9,859466553	3399,538574
43,26189041	9,859420776	3405,622559
43,16072464	9,859149933	3411,694092
43,05947876	9,85806942	3417,767578
42,9584198	9,857586861	3423,830078
42,85720825	9,858344078	3429,903564
42,75545883	9,859477043	3436,01123
42,6539917	9,860267639	3442,094727
42,55247498	9,860853195	3448,189209
42,4504776	9,861304283	3454,307373
42,34864426	9,861782074	3460,421875
42,24681473	9,862500191	3466,531494
42,14500809	9,86468792	3472,636963
42,04307938	9,868226051	3478,755371
41,94118881	9,870174408	3484,865723
41,83951569	9,871339798	3490,965576
41,73780823	9,872676849	3497,072266
41,63593292	9,874855995	3503,181641
41,53403473	9,875663757	3509,297119
41,43237686	9,877034187	3515,395996
41,33059692	9,878317833	3521,504883
41,22860336	9,880901337	3527,622803
41,12665176	9,883554459	3533,741211
41,02475357	9,887996674	3539,856445
40,92294693	9,892724037	3545,960205
40,82146072	9,896065712	3552,052002
40,71966171	9,899321556	3558,159668
40,61834335	9,904568672	3564,237061
40,51684952	9,910902977	3570,329834
40,41514206	9,920777321	3576,429688
40,31355286	9,925380707	3582,526367
40,21191025	9,928631783	3588,623291
40,11017227	9,928237915	3594,729004
40,00845718	9,928996086	3600,833008
39,90652847	9,931702614	3606,946045
39,80475235	9,934414864	3613,056641
39,70299149	9,940704346	3619,15918
39,60104752	9,945993423	3625,278564
39,498909	9,957560539	3631,406738
39,39685822	9,965356827	3637,529785
39,29480362	9,972014427	3643,6521
39,1931839	9,975627899	3649,747803
39,09205246	9,978652	3655,816406
38,99001694	9,984656334	3661,94165
38,88767242	9,990231514	3668,082275
38,78539276	9,99790287	3674,219238
38,68312073	9,999513626	3680,354248
38,58088684	10,01445293	3686,488037
38,47890091	10,01600266	3692,605469
38,3769455	10,01357937	3698,724854
38,27494431	10,01539898	3704,843994
38,17322922	10,02760029	3710,943848
38,07192612	10,03498459	3717,022461
37,97032928	10,0370245	3723,121826
37,86815643	10,04603386	3729,254883
37,7665329	10,06234455	3735,345703
37,66500092	10,07384396	3741,44165
37,56318665	10,07248878	3747,55127
37,46194077	10,0712738	3753,623535
37,36078262	10,07624912	3759,689209
37,25970459	10,08328629	3765,757568
37,15852356	10,09405708	3771,827148
37,05735016	10,10260868	3777,895752
36,95611954	10,1028204	3783,969971
36,85489655	10,09932613	3790,044434
36,75381088	10,09709454	3796,109131
36,6526947	10,10132599	3802,173584
36,55183029	10,10624981	3808,228516
36,45083237	10,11472511	3814,289063
36,34982681	10,1278286	3820,346924
36,24874496	10,13547707	3826,412598
36,14756775	10,13699913	3832,48291
36,04636383	10,14090443	3838,556396
35,94511414	10,14573574	3844,630615
35,8439827	10,14660645	3850,698242
35,74272156	10,15493584	3856,773682
35,64178848	10,16184902	3862,832275
35,54052353	10,17131901	3868,906738
35,43932343	10,18348694	3874,976074
35,33837891	10,18961239	3881,034912
35,23719406	10,19281101	3887,106445
35,13613892	10,20048904	3893,169922
35,03512192	10,21080685	3899,229736
34,93404388	10,21554184	3905,291504
34,83309937	10,21951008	3911,35498
34,7319603	10,21767235	3917,417725
34,63085938	10,22410488	3923,484131
34,5298233	10,23211193	3929,547852
34,42861938	10,23674297	3935,623291
34,32756042	10,24534798	3941,681885
34,22661972	10,25590611	3947,739746
34,12545776	10,26299953	3953,810303
34,02424622	10,26616383	3959,883545
33,9226532	10,27447319	3965,981445
33,82107162	10,28311825	3972,074219
33,71946335	10,28517437	3978,172119
33,61788559	10,28886986	3984,26709
33,51628113	10,29855156	3990,365723
33,4145813	10,30744839	3996,467773
33,31268692	10,31325817	4002,580078
33,21075058	10,31656075	4008,700195
33,10886383	10,32173157	4014,811768
33,00700378	10,32250786	4020,921387
32,90504837	10,32437515	4027,038574
32,80324936	10,3247509	4033,142334
32,70207214	10,32590008	4039,212646
32,6008873	10,33006382	4045,286133
32,49952316	10,3416729	4051,366455
32,39836121	10,35401154	4057,437744
32,29716492	10,36604786	4063,507324
32,19588852	10,36895561	4069,584473
32,09492111	10,36987782	4075,642334
31,99385834	10,37411976	4081,708984
31,89253616	10,37805176	4087,787109
31,79119682	10,38725567	4093,866455
31,69011307	10,39530849	4099,932129
31,58898163	10,39999485	4105,998535
31,48789024	10,4061842	4112,062012
31,38665009	10,41012096	4118,141602
31,28532028	10,41218853	4124,217773
31,18425179	10,42074203	4130,28125
31,08305931	10,43552685	4136,35791
30,98176575	10,4571104	4142,432129
30,88053513	10,47242737	4148,507324
30,77900505	10,46583843	4154,600586
30,67769051	10,46525764	4160,679199
30,57640076	10,46802902	4166,755859
30,47527695	10,47294617	4172,82373
30,37422943	10,4789629	4178,883301
30,27309799	10,49059296	4184,953613
30,17181396	10,49760723	4191,029785
30,07076645	10,50283241	4197,091797
29,96961594	10,51355362	4203,163086
29,86847496	10,52414322	4209,228516
29,76735878	10,52551651	4215,296387
29,66554832	10,53146935	4221,414063
29,56376648	10,53923893	4227,510254
29,46242714	10,54977989	4233,595703
29,36065292	10,5721035	4239,702148
29,2588253	10,58528709	4245,813477
29,15749359	10,5825367	4251,88916
29,05646706	10,57782078	4257,950684
28,95535278	10,58167648	4264,016113
28,85404396	10,58847427	4270,098145
28,75282478	10,59512138	4276,169922
28,65179253	10,5962019	4282,229492
28,55055237	10,60089874	4288,305664
28,44922256	10,61315536	4294,38623
28,34747696	10,6261301	4300,493652
28,24526215	10,62483215	4306,626465
28,14306641	10,6265707	4312,760742
28,04101563	10,63420773	4318,882813
27,9389267	10,65424252	4325,010742
27,83683395	10,67237949	4331,133301
27,73549652	10,68704796	4337,208496
27,63429451	10,68786716	4343,280762
27,53342438	10,69354439	4349,333008
27,43228912	10,69256687	4355,401367
27,33111191	10,69739914	4361,474121
27,22981644	10,70028114	4367,551758
27,12846947	10,70030785	4373,635254
27,02684402	10,70534992	4379,728027
26,92558479	10,71951485	4385,805176
26,82393837	10,72433472	4391,902344
26,72219467	10,72103405	4398,010742
26,62013626	10,71950912	4404,129883
26,51887321	10,7220602	4410,20459
26,4177475	10,72742939	4416,273926
26,31656456	10,74013615	4422,346191
26,21548843	10,74642754	4428,40918
26,11450005	10,75005054	4434,470703
26,01337814	10,74941444	4440,535156
25,91241074	10,75268078	4446,595215
25,81139565	10,7592268	4452,652832
25,710495	10,7677784	4458,709473
25,60967445	10,77371597	4464,757324
25,50891685	10,77249146	4470,805664
25,40802193	10,77948475	4476,858398
25,30712509	10,79002094	4482,911133
25,20620537	10,79067326	4488,967285
25,10540771	10,79317284	4495,01416
25,00454712	10,80622196	4501,065918
24,90371323	10,81363201	4507,116211
24,80291748	10,82174301	4513,163086
24,70207977	10,8182869	4519,212891
24,60124779	10,81933308	4525,263184
24,5004425	10,82472897	4531,312012
24,39957047	10,83010769	4537,365723
24,29877663	10,83089352	4543,410156
24,19779205	10,82722378	4549,474609
24,09617996	10,83036804	4555,568359
23,99485207	10,83718681	4561,652344
23,89336777	10,84100342	4567,740723
23,79199409	10,8455019	4573,822754
23,69044113	10,85263062	4579,915527
23,58901215	10,85734081	4586,00293
23,48735237	10,85948277	4592,102539
23,38585281	10,86087608	4598,189453
23,28468513	10,86219406	4604,258301
23,18356323	10,86024284	4610,327637
23,08260345	10,86211395	4616,384277
22,98153496	10,86616802	4622,449219
22,88035393	10,86737156	4628,520508
22,77937698	10,86765575	4634,580078
22,67764664	10,86723232	4640,687988
22,57621765	10,87283611	4646,771973
22,47513008	10,8810873	4652,83252
22,37413788	10,88195324	4658,891113
22,27343369	10,88282108	4664,93457
22,17264366	10,88601303	4670,982422
22,07181168	10,88651466	4677,030273
21,97097015	10,88666439	4683,083496
21,86989594	10,88694763	4689,14502
21,76912117	10,89078045	4695,192871
21,66833687	10,89580154	4701,242188
21,56728554	10,8994379	4707,304688
21,46637917	10,89999485	4713,357422
21,36537552	10,90373802	4719,41748
21,26448631	10,90214252	4725,471191
21,16356468	10,90247154	4731,523926
21,06270409	10,90321159	4737,578613
20,9616909	10,90511227	4743,637695
20,8606987	10,90708065	4749,70166
20,75952339	10,90902328	4755,769531
20,65855408	10,91322899	4761,82666
20,55770111	10,91480827	4767,879395
20,4567318	10,91332531	4773,936035
20,35562515	10,91360474	4780,004883
20,25458145	10,91539764	4786,067383
20,15348244	10,9205761	4792,133789
20,05233955	10,9228487	4798,205566
19,95035172	10,92750168	4804,32373
19,84836197	10,9292326	4810,446777
19,74697495	10,93327522	4816,525391
19,64611244	10,93255329	4822,574219
19,54525375	10,93111706	4828,625
19,44437027	10,93199158	4834,677734
19,34342194	10,93197918	4840,737793
19,24249649	10,93092918	4846,794434
19,1404171	10,9309206	4852,92334
19,03841019	10,93177128	4859,041016
18,93659973	10,93484402	4865,151367
18,8345623	10,93550491	4871,272461
18,73258781	10,93674755	4877,39209
18,63059235	10,939394	4883,512207
18,52858925	10,94097805	4889,631348
18,426754	10,94170666	4895,743164
18,32505798	10,94168663	4901,84375
18,22309113	10,94351196	4907,959961
18,12127686	10,94250679	4914,072754
18,01915169	10,94481945	4920,19873
17,91743851	10,9464035	4926,30127
17,81553078	10,94831848	4932,415527
17,71368027	10,94849205	4938,522461
17,61232185	10,94845867	4944,605469
17,51096916	10,94952011	4950,689453
17,40936852	10,95202827	4956,783691
17,30800438	10,95495033	4962,86377
17,20672417	10,95684052	4968,941895
17,10552406	10,95690155	4975,011719
17,0042572	10,95759296	4981,09375
16,90283775	10,95731258	4987,174805
16,80135918	10,95824909	4993,266113
16,699646	10,95955086	4999,371582
16,59786606	10,95901775	5005,475098
16,49635887	10,95825768	5011,568359
16,39459038	10,95823383	5017,672852
16,29260063	10,96008492	5023,794922
16,19085503	10,95993805	5029,898926
16,08905602	10,96064091	5036,006836
15,98719597	10,96088219	5042,119629
15,88545418	10,9600296	5048,216309
15,78410625	10,95915127	5054,302734
15,68236828	10,95976067	5060,40918
15,58055687	10,96052647	5066,512695
15,47893524	10,96363068	5072,616699
15,37702084	10,96605778	5078,727539
15,27525616	10,96694088	5084,833496
15,17334747	10,96662331	5090,951172
15,07154465	10,9665966	5097,054688
14,97022629	10,96541691	5103,132813
14,86919785	10,96429825	5109,193848
14,76801682	10,96319103	5115,268066
14,6668148	10,96295834	5121,338379
14,56586647	10,9626627	5127,393066
14,46499252	10,9614172	5133,447266
14,36405468	10,9615221	5139,501953
14,26313591	10,96071434	5145,558594
14,1623106	10,95951176	5151,606934
14,061306	10,95888901	5157,666504
13,96062088	10,95831585	5163,705566
13,85992146	10,95449448	5169,748047
13,75882053	10,95349503	5175,817383
13,6573143	10,95302677	5181,912109
13,55565453	10,95076847	5188,01416
13,45389938	10,94903374	5194,117676
13,35224342	10,94834328	5200,21582
13,25073433	10,94614506	5206,30957
13,14908218	10,94202328	5212,40332
13,0475111	10,94103813	5218,5
12,94644642	10,93666649	5224,558594
12,8446703	10,93304729	5230,66748
12,74294376	10,92826939	5236,774902
12,64114666	10,92085552	5242,883301
12,53914165	10,91432667	5249,00293
12,43743896	10,91171932	5255,102539
12,33582306	10,91012096	5261,200195
12,23423386	10,90607929	5267,297363
12,13276577	10,90164375	5273,383301
12,03116417	10,90035248	5279,481934
11,92961502	10,89290619	5285,575195
11,82821465	10,88561344	5291,65918
11,72656536	10,87720776	5297,759766
11,62476158	10,87218571	5303,865234
11,52303123	10,86867142	5309,969238
11,42116451	10,8556366	5316,08252
11,31935596	10,84359264	5322,191895
11,21761417	10,84013176	5328,293945
11,11591816	10,82861042	5334,396484
11,01421261	10,81181908	5340,501465
10,9125061	10,80500031	5346,60498
10,81085777	10,80109882	5352,700684
10,70975113	10,79133701	5358,765625
10,60893631	10,78351879	5364,814453
10,50800228	10,76957035	5370,869141
10,40701199	10,76069069	5376,929688
10,30602455	10,74682331	5382,989746
10,20484066	10,72768116	5389,061035
10,10393715	10,71297264	5395,112793
10,00291634	10,70713806	5401,177734
9,901812553	10,69993591	5407,242188
9,800481796	10,68393612	5413,324219
9,699471474	10,66713905	5419,382813
9,598582268	10,65572643	5425,433105
9,497868538	10,63420677	5431,479004
9,397120476	10,6157589	5437,521973
9,296420097	10,60433769	5443,563477
9,19515419	10,59184551	5449,645508
9,09335804	10,56440067	5455,75293
8,991485596	10,53261185	5461,867676
8,889566422	10,51394272	5467,97998
8,787935257	10,50082588	5474,07959
8,68641758	10,48403645	5480,168457
8,585114479	10,47131538	5486,246094
8,483890533	10,4542017	5492,318359
8,382516861	10,42772198	5498,404297
8,28172493	10,39444351	5504,445801
8,180812836	10,37047195	5510,50293
8,080070496	10,3466568	5516,544434
7,979363441	10,31789494	5522,588867
7,878649235	10,28726768	5528,632324
7,777709961	10,26084995	5534,691895
7,676155567	10,23633003	5540,783691
7,574620724	10,20987511	5546,877441
7,473006725	10,1689682	5552,974121
7,371435642	10,14997387	5559,068359
7,269973755	10,12135124	5565,15625
7,168484211	10,08023548	5571,24707
7,067065239	10,04708767	5577,328125
6,965529919	9,999238014	5583,42334
6,863978863	9,9601717	5589,51416
6,762559891	9,913998604	5595,599121
6,660963058	9,893510818	5601,697266
6,559240341	9,864308357	5607,802734
6,457340717	9,825620651	5613,916992
6,35524416	9,771784782	5620,041504
6,253267288	9,719626427	5626,166992
6,151344776	9,672327042	5632,274902
6,049490452	9,653315544	5638,389648
5,947624683	9,604280472	5644,500977
5,845750809	9,567780495	5650,613281
5,743819714	9,541373253	5656,727051
5,641758442	9,490241051	5662,854004
5,540073872	9,452874184	5668,952637
5,438595772	9,419944763	5675,039063
5,337104321	9,392024994	5681,129883
5,235583782	9,361893654	5687,223633
5,134068012	9,332783699	5693,311523
5,032603741	9,312444687	5699,401855
