scan 2 20/11/2022 08:13:50		
temp(C)	power	time(seconds)
99,8852005	-537,6036377	6,122900486
99,7759552	-550,4173584	12,23656464
99,67411804	-435,9098511	18,35373306
99,57297516	-346,2788696	24,47248268
99,47209167	-275,6505127	30,58248329
99,37124634	-213,3061829	36,69745636
99,27050781	-157,3576965	42,81276321
99,1696701	-108,3756409	48,92715454
99,06890869	-67,08997345	55,03937912
98,96812439	-33,34924698	61,15188217
98,86733246	-6,521397591	67,26595306
98,76638794	14,24056911	73,38975525
98,66551971	29,89372063	79,50149536
98,56456757	41,46002197	85,6217041
98,46363831	49,70457458	91,7371521
98,3627243	55,45144272	97,85218811
98,2618866	59,22472382	103,9593811
98,16065216	61,4486084	110,0900726
98,05961609	62,54631042	116,2051086
97,95860291	62,83705521	122,314682
97,85747528	62,51509476	128,4304657
97,75637054	61,71495056	134,5479431
97,65530396	60,64306641	140,6562805
97,55396271	59,4004631	146,786026
97,45271301	58,01378632	152,9011993
97,35146332	56,54708481	159,0219269
97,25027466	55,08724213	165,1328735
97,14881897	53,62577057	171,2591858
97,04740143	52,11413574	177,3838196
96,9460907	50,65896606	183,4970093
96,84482574	49,30950165	189,6101379
96,7433548	48,08448029	195,7323608
96,64199066	46,97174835	201,8467712
96,54051208	45,98828506	207,9692688
96,43915558	45,2134285	214,0798645
96,33765411	44,52769852	220,2008514
96,23628998	43,70002747	226,3117371
96,13488007	42,80859756	232,4254913
96,03340912	41,88051224	238,542572
95,93180084	40,96814346	244,6641235
95,83028412	40,03118134	250,7824554
95,72874451	39,14762497	256,899292
95,62718964	38,27456284	263,0158081
95,52561188	37,46463013	269,1349487
95,42405701	36,65756607	275,249054
95,32249451	35,89424515	281,3652649
95,22097015	35,19041061	287,4773865
95,11943817	34,52318573	293,5898438
95,01787567	33,86431885	299,7035217
94,91627502	33,26526642	305,818634
94,8147583	32,68336487	311,9281921
94,71307373	32,12149811	318,047699
94,61148834	31,59889603	324,1593628
94,50992584	31,08082771	330,2683105
94,40840912	30,63593292	336,3767395
94,30672455	30,20995712	342,4943542
94,20500946	29,78985977	348,6116638
94,10338593	29,37143517	354,7242126
94,00183105	28,99966431	360,8326111
93,90009308	28,60309792	366,9485779
93,7983551	28,23499489	373,0663757
93,69667816	27,91856194	379,1807556
93,59494781	27,62470436	385,2959595
93,49330139	27,32876778	391,4077759
93,39165497	26,99644089	397,5173645
93,28986359	26,71928596	403,6369324
93,18811798	26,42869377	409,7513733
93,08638	26,16602516	415,8705139
92,98456573	25,89245033	421,9868164
92,88283539	25,65742493	428,1002808
92,78113556	25,4007206	434,2106018
92,67949677	25,14998627	440,3187866
92,57778931	24,91333961	446,4306335
92,47605896	24,71121979	452,5433044
92,37434387	24,50581169	458,6529236
92,27251434	24,27336121	464,7711792
92,17060852	24,08360672	470,8948975
92,0688324	23,90447235	477,0078125
91,96709442	23,70830345	483,1175842
91,86527252	23,52559662	489,2369995
91,76346588	23,35822868	495,3520508
91,66164398	23,20911217	501,4677734
91,55986786	23,04201889	507,5794678
91,45805359	22,86682701	513,6948242
91,35614014	22,73101425	519,8162842
91,25430298	22,59677124	525,9314575
91,15244293	22,44759941	532,0493164
91,05056763	22,29894066	538,1680298
90,94871521	22,16832352	544,2838135
90,84694672	22,04922104	550,3952026
90,7450943	21,92335129	556,5117798
90,64315796	21,8024826	562,6322632
90,54132843	21,66818047	568,7484131
90,43941498	21,55896759	574,8659058
90,33750153	21,45868111	580,9874268
90,23564148	21,35737038	587,1027832
90,1337738	21,23845482	593,2158813
90,03192902	21,11922264	599,3312378
89,93000031	21,00384712	605,4515991
89,82823944	20,90616226	611,559082
89,72648621	20,81621361	617,6694946
89,62448883	20,72472382	623,7937012
89,52259064	20,60961914	629,9107056
89,42071533	20,49608612	636,0280151
89,31877136	20,40279961	642,1461182
89,21682739	20,3165226	648,2663574
89,11494446	20,23221016	654,378479
89,01306915	20,13094521	660,4956665
88,91107941	20,05428123	666,618103
88,80913544	19,96088028	672,7388306
88,70717621	19,87696266	678,8582764
88,60533905	19,80578232	684,9700928
88,50346375	19,72478867	691,0856934
88,40164185	19,62115669	697,1966553
88,29975891	19,54654503	703,3116455
88,1978302	19,47930527	709,4290771
88,09593964	19,41280174	715,5435181
87,99408722	19,3347683	721,6563721
87,89235687	19,25501442	727,7634888
87,79044342	19,18223572	733,8813477
87,68859863	19,10650444	739,9940796
87,58682251	19,02485275	746,1013184
87,48493958	18,94557571	752,2175293
87,38305664	18,88009262	758,3297119
87,28119659	18,80194664	764,4438477
87,17938995	18,71977997	770,5511475
87,07744598	18,66355896	776,6740723
86,97550964	18,60911369	782,7869873
86,87375641	18,53363228	788,8953247
86,77185822	18,445755	795,0124512
86,66993713	18,37163162	801,126709
86,56809235	18,31998253	807,2409668
86,46628571	18,24993896	813,3505859
86,36430359	18,18708611	819,4703979
86,26230621	18,12564659	825,5897827
86,16049194	18,05709457	831,7001953
86,05862427	17,99449158	837,8115845
85,9567337	17,93119812	843,9306641
85,85469055	17,89515305	850,0494385
85,75281525	17,84589386	856,1635742
85,65083313	17,78691673	862,2891846
85,54891205	17,71320152	868,4017944
85,447052	17,67408752	874,5145874
85,34507751	17,62117767	880,6322632
85,2431488	17,55725479	886,7501221
85,14124298	17,49742508	892,8650513
85,03941345	17,45446777	898,9747314
84,93757629	17,40777016	905,0858154
84,83571625	17,34776497	911,1954346
84,73381042	17,28491974	917,3150024
84,63188934	17,22247696	923,428772
84,53006744	17,1423912	929,539978
84,42824554	17,08205795	935,6479492
84,32634735	17,02256203	941,7645874
84,22444153	16,9704628	947,8776855
84,12260437	16,90164185	953,9903564
84,02070618	16,84247208	960,1054077
83,91877747	16,78476143	966,2182007
83,81693268	16,73300362	972,3278198
83,71520233	16,65740395	978,4362183
83,6132431	16,59107018	984,5543823
83,51131439	16,53611565	990,6710815
83,4094162	16,4956913	996,7844238
83,30750275	16,4350605	1002,900513
83,20549774	16,37778664	1009,021057
83,10349274	16,32800484	1015,139465
83,00163269	16,27342415	1021,255859
82,89965057	16,19907761	1027,37146
82,79776764	16,14036179	1033,484497
82,69580078	16,08901978	1039,603882
82,59381866	16,04634094	1045,726807
82,49181366	15,98252869	1051,843506
82,38989258	15,93896866	1057,960083
82,28793335	15,89419651	1064,077148
82,18597412	15,8331089	1070,196655
82,08401489	15,77972889	1076,313721
81,98202515	15,73205566	1082,432129
81,88005829	15,6920433	1088,550293
81,77807617	15,63852978	1094,671143
81,67623138	15,59169674	1100,783691
81,57422638	15,54485607	1106,901978
81,47212982	15,50669193	1113,028198
81,37020111	15,45373344	1119,14563
81,26831055	15,40356636	1125,258667
81,16630554	15,35478306	1131,379028
81,06441498	15,30580044	1137,490601
80,96248627	15,24472904	1143,606323
80,8605957	15,19696331	1149,721436
80,75859833	15,15065002	1155,841431
80,65665436	15,08623505	1161,958252
80,55473328	15,03212833	1168,073364
80,45284271	14,98410511	1174,187134
80,35092926	14,95001698	1180,301758
80,24899292	14,90751266	1186,418335
80,14717102	14,86240959	1192,528687
80,04523468	14,81738758	1198,644409
79,94327545	14,77895164	1204,762207
79,841362	14,72914314	1210,876221
79,73940277	14,68519783	1216,994141
79,63737488	14,69769382	1223,116821
79,53536987	14,74487019	1229,239014
79,43340302	14,76933479	1235,354858
79,3314209	14,74747753	1241,472046
79,22944641	14,67498398	1247,593506
79,12754822	14,59753036	1253,70752
79,02567291	14,49554634	1259,818237
78,92375183	14,41013241	1265,935669
78,82182312	14,39105797	1272,050171
78,71986389	14,45486546	1278,165161
78,61803436	14,45384312	1284,278931
78,51607513	14,4100399	1290,394165
78,41426086	14,3571806	1296,503784
78,31230927	14,30285835	1302,621094
78,21044159	14,26301289	1308,733765
78,10837555	14,2388258	1314,857666
78,0065155	14,23516464	1320,970459
77,9046936	14,23829746	1327,080078
77,802742	14,23364162	1333,196411
77,70069885	14,18039417	1339,320679
77,59864807	14,0819521	1345,440918
77,49668121	13,97241974	1351,559937
77,39473724	13,86487103	1357,676025
77,29290771	13,78691864	1363,7854
77,19093323	13,73210907	1369,904175
77,08911133	13,68053913	1376,014404
76,98713684	13,64121914	1382,131592
76,88510895	13,60342979	1388,255249
76,78335571	13,57579517	1394,359985
76,68157959	13,525877	1400,465698
76,57962036	13,48683739	1406,584473
76,47766113	13,44994926	1412,70105
76,37572479	13,41045189	1418,81665
76,2739563	13,36547661	1424,923584
76,17206573	13,31411076	1431,036621
76,07013702	13,28625107	1437,151978
75,96828461	13,27021313	1443,263916
75,86639404	13,22194099	1449,37915
75,7645874	13,16885853	1455,487305
75,66260529	13,12729931	1461,604858
75,5607605	13,093297	1467,715088
75,45888519	13,0631485	1473,828857
75,35688782	13,01586628	1479,949829
75,25499725	12,97944641	1486,060669
75,15312195	12,94454002	1492,172729
75,05111694	12,90065289	1498,296021
74,94921112	12,86345291	1504,407593
74,84722137	12,83402157	1510,529175
74,74523926	12,8154192	1516,648315
74,64334869	12,78456879	1522,761108
74,54136658	12,76093483	1528,880127
74,43939972	12,72433472	1534,998779
74,33759308	12,69719028	1541,106201
74,23557281	12,67703533	1547,227783
74,13360596	12,6537466	1553,343994
74,03168488	12,6348753	1559,461792
73,92985535	12,61814117	1565,570679
73,82789612	12,58792973	1571,688965
73,72587585	12,55682659	1577,808594
73,62391663	12,51774693	1583,926758
73,5219574	12,48124313	1590,045166
73,42006683	12,44912815	1596,157593
73,31813812	12,41245079	1602,272949
73,21625519	12,38122845	1608,388062
73,11437225	12,35302258	1614,501099
73,01239014	12,32584095	1620,618896
72,91043854	12,30521488	1626,739014
72,80857849	12,26493645	1632,848022
72,70667267	12,23953247	1638,962646
72,60469818	12,21048641	1645,08252
72,50273895	12,18024063	1651,19812
72,40077972	12,14446831	1657,314575
72,29878235	12,10897255	1663,435913
72,19694519	12,08806324	1669,54248
72,09502411	12,06509209	1675,659912
71,99304962	12,03516293	1681,779053
71,89118195	12,01569176	1687,891602
71,78929138	12,0027256	1694,002075
71,68746948	11,98705959	1700,114014
71,58562469	11,9606123	1706,224731
71,48368835	11,9468298	1712,339844
71,38170624	11,94122505	1718,461426
71,27981567	11,93484497	1724,573975
71,17781067	11,92733383	1730,692261
71,07585144	11,92133522	1736,81311
70,97397614	11,91459942	1742,920288
70,87208557	11,91323566	1749,036499
70,77022552	11,91566467	1755,148315
70,66827393	11,91154766	1761,265259
70,56663513	11,89974022	1767,362671
70,46482086	11,8765173	1773,474365
70,36282349	11,85269833	1779,593628
70,26078033	11,84049511	1785,713623
70,15879822	11,82822227	1791,835083
70,0569458	11,80668354	1797,942993
69,95508575	11,79138279	1804,057983
69,85316467	11,77967834	1810,171143
69,75123596	11,77622223	1816,286987
69,64928436	11,76239395	1822,404907
69,54736328	11,74599266	1828,521362
69,44528961	11,73620415	1834,644165
69,34331512	11,73175812	1840,762451
69,24143982	11,7290678	1846,876587
69,13945007	11,72769451	1852,993286
69,03754425	11,72171116	1859,108643
68,93549347	11,71457863	1865,232422
68,83355713	11,70751953	1871,345337
68,73180389	11,70121288	1877,452515
68,62998962	11,7004385	1883,560791
68,52816772	11,7034359	1889,669067
68,4263382	11,70506191	1895,779541
68,32460785	11,7062521	1901,885498
68,22267151	11,71093941	1908,000854
68,12076569	11,70976543	1914,114868
68,01887512	11,70715523	1920,229004
67,91693115	11,71022701	1926,346191
67,814888	11,71133804	1932,468384
67,71292114	11,71341896	1938,585938
67,61103821	11,71579456	1944,697754
67,50914764	11,71921444	1950,813354
67,40748596	11,72485638	1956,911865
67,30596924	11,72924137	1963,001953
67,20399475	11,72992706	1969,121094
67,10202789	11,73262119	1975,237305
67,00008392	11,73851299	1981,357666
66,89822388	11,75092125	1987,469727
66,79631042	11,76802921	1993,581543
66,69451141	11,78960228	1999,689819
66,59267426	11,80418587	2005,801514
66,49066925	11,82822704	2011,921753
66,38867188	11,85637093	2018,040161
66,28672028	11,89317703	2024,157227
66,18482971	11,92261505	2030,270142
66,08302307	11,94351673	2036,379761
65,98101807	11,97453022	2042,497925
65,87909698	12,00396919	2048,615234
65,77716064	12,03004074	2054,731934
65,67517853	12,07287598	2060,851807
65,57324982	12,11031723	2066,969238
65,47131348	12,15860939	2073,08374
65,36930847	12,19393635	2079,203857
65,26739502	12,24470425	2085,31665
65,16539001	12,29716873	2091,437012
65,06365204	12,32726669	2097,540527
64,96185303	12,36179733	2103,647949
64,85993195	12,42085075	2109,76416
64,75810242	12,45287609	2115,875732
64,65608978	12,49683475	2121,996094
64,55407715	12,53832531	2128,117676
64,45217133	12,58352089	2134,22998
64,35037231	12,61949921	2140,338135
64,24852753	12,65963364	2146,449219
64,14669037	12,69829273	2152,558105
64,04485321	12,7270565	2158,667969
63,94311523	12,77069759	2164,77417
63,84110641	12,83032703	2170,892822
63,73918152	12,88813591	2177,009521
63,63729858	12,96526718	2183,123779
63,53534698	13,0400238	2189,236816
63,43338394	13,0771389	2195,356934
63,33140945	13,13064766	2201,476807
63,22937393	13,17122364	2207,596924
63,12744522	13,19408798	2213,713623
63,02550507	13,22903061	2219,832275
62,92351151	13,25830364	2225,950439
62,82152557	13,27547741	2232,070313
62,71971893	13,3011322	2238,178467
62,61776352	13,33817482	2244,294922
62,51592636	13,3846693	2250,405762
62,41396332	13,4213028	2256,523193
62,31200027	13,44502258	2262,63916
62,21008682	13,49047184	2268,75415
62,10820389	13,52738285	2274,868164
62,00638199	13,54650211	2280,975342
61,90454102	13,54781437	2287,085693
61,80273056	13,54292202	2293,196777
61,70074463	13,54450607	2299,314209
61,59887695	13,56607342	2305,425293
61,49686432	13,58395767	2311,549561
61,39492416	13,59035587	2317,664063
61,29289246	13,59099007	2323,786133
61,19094849	13,58739662	2329,901855
61,0889473	13,58275032	2336,022949
60,98694611	13,57338524	2342,145508
60,88510513	13,56860161	2348,252686
60,7833252	13,57736588	2354,359863
60,68143463	13,58219624	2360,472656
60,57950974	13,57260227	2366,590332
60,47745895	13,56324577	2372,71167
60,37548828	13,5540781	2378,82959
60,27347946	13,53821182	2384,951172
60,17147827	13,5174942	2391,069824
60,06955338	13,49171829	2397,187012
59,96759415	13,47768879	2403,306396
59,86574173	13,4676466	2409,416016
59,7638588	13,44922447	2415,528564
59,6620636	13,42953587	2421,633545
59,56021881	13,40042973	2427,746582
59,45829391	13,35184669	2433,863525
59,35645294	13,3269949	2439,973877
59,25457382	13,30344677	2446,084229
59,15269852	13,25570488	2452,198975
59,05080414	13,19846344	2458,312744
58,94875336	13,15939522	2464,435303
58,84675598	13,12947083	2470,553955
58,74489212	13,06057549	2476,667725
58,64297104	13,00754929	2482,78125
58,5410614	12,95955944	2488,895508
58,43904877	12,93569756	2495,018066
58,33718109	12,89234543	2501,128418
58,23518372	12,85868454	2507,251465
58,13322067	12,82828808	2513,365234
58,03123856	12,77716923	2519,48584
57,92932129	12,70632935	2525,598877
57,82743454	12,69622612	2531,713867
57,72549438	12,70662594	2537,831299
57,6235466	12,67477512	2543,945068
57,52162552	12,61137867	2550,062256
57,41962433	12,5272398	2556,181641
57,31764984	12,46561718	2562,30127
57,21563721	12,4092083	2568,422363
57,11370468	12,35538769	2574,537842
57,01183701	12,31991768	2580,650879
56,90989304	12,26334381	2586,764404
56,80791473	12,20733929	2592,887451
56,7059288	12,12452984	2599,00415
56,60412598	12,06572533	2605,109375
56,50235367	12,00316238	2611,218506
56,40052414	11,94191837	2617,328613
56,29863739	11,89625835	2623,443115
56,19663239	11,88744068	2629,561768
56,09474945	11,89829159	2635,675537
55,99281311	11,86258793	2641,790283
55,89093018	11,82837772	2647,904541
55,78899384	11,78265095	2654,021973
55,68693542	11,73906708	2660,144775
55,58503723	11,70004559	2666,257813
55,48325729	11,65409565	2672,366211
55,38124847	11,63413906	2678,483887
55,2794342	11,62668324	2684,593018
55,17750931	11,61879539	2690,709717
55,07564163	11,60681438	2696,823975
54,9736824	11,59414101	2702,937012
54,87187195	11,56960583	2709,046875
54,77004623	11,54339886	2715,15625
54,66812515	11,52464104	2721,273438
54,56616211	11,51249218	2727,390381
54,46424103	11,50199509	2733,506592
54,36236954	11,48778248	2739,618408
54,26043701	11,47380161	2745,733643
54,15848923	11,46003628	2751,851563
54,05649185	11,43621063	2757,973145
53,95457077	11,41014385	2764,085449
53,8525238	11,40000153	2770,209717
53,75059891	11,40032864	2776,326172
53,64863968	11,39786243	2782,442139
53,54665756	11,40041733	2788,559326
53,44468307	11,40068531	2794,681396
53,3427124	11,38915157	2800,799316
53,24081802	11,37585068	2806,912354
53,1388588	11,36031342	2813,03125
53,03687668	11,35831642	2819,148926
52,93486404	11,35137081	2825,268311
52,83289719	11,33250618	2831,38916
52,73096085	11,32512569	2837,508057
52,62896347	11,31448269	2843,623291
52,52703094	11,29573727	2849,739502
52,42509842	11,27661896	2855,854248
52,3232193	11,26215267	2861,968262
52,22135925	11,24652767	2868,080078
52,11940384	11,2409668	2874,198242
52,0175705	11,24680138	2880,308594
51,9155426	11,25405979	2886,428711
51,81352615	11,26288986	2892,550049
51,71155548	11,25564957	2898,668701
51,60968399	11,2401247	2904,780273
51,50775528	11,234622	2910,895996
51,40574646	11,23474503	2917,017578
51,30382156	11,23190498	2923,132568
51,20196533	11,2298727	2929,243652
51,10001373	11,23050213	2935,361816
50,99817276	11,23193359	2941,472656
50,89622879	11,22709274	2947,587158
50,79438019	11,2287674	2953,698975
50,69231033	11,22251606	2959,82251
50,59041977	11,2139101	2965,936768
50,48859406	11,19657326	2972,046143
50,38664627	11,18852615	2978,164551
50,28468323	11,18931293	2984,279297
50,18280792	11,1911068	2990,392334
50,0808754	11,18625927	2996,510254
49,9789238	11,17638683	3002,62793
49,87695694	11,16745663	3008,74292
49,77501297	11,15520477	3014,858887
49,67323303	11,15370941	3020,967529
49,57139969	11,15009212	3027,077637
49,46940613	11,14867592	3033,195068
49,36749649	11,13809013	3039,311279
49,26558304	11,13166142	3045,424561
49,16360855	11,12707043	3051,546387
49,06158066	11,12240982	3057,667236
48,95957947	11,12238979	3063,786865
48,85770798	11,12113571	3069,898438
48,75566864	11,11666393	3076,022705
48,65370941	11,11651993	3082,138184
48,55171585	11,11525345	3088,258789
48,44987488	11,11376381	3094,369141
48,34794235	11,11501789	3100,481201
48,24607086	11,11545181	3106,594971
48,14410782	11,11379242	3112,715332
48,04216003	11,11032867	3118,830322
47,94015884	11,11110878	3124,949219
47,83828354	11,10758877	3131,063477
47,7362709	11,10328674	3137,186768
47,63418961	11,09687138	3143,30957
47,53211975	11,09254932	3149,43457
47,43021011	11,08874321	3155,548584
47,32833481	11,08900738	3161,662354
47,22637177	11,08718586	3167,779297
47,12436676	11,08421421	3173,899414
47,02241135	11,07565975	3180,018066
46,92056656	11,07001114	3186,125488
46,81861115	11,0670023	3192,245117
46,71670151	11,06589794	3198,359863
46,6147728	11,05723953	3204,473877
46,51288223	11,0482254	3210,587891
46,41096878	11,04163647	3216,70166
46,30919266	11,0433588	3222,809082
46,20721054	11,03796482	3228,928467
46,10527802	11,03459644	3235,047363
46,0033989	11,03492928	3241,157959
45,90149689	11,03535652	3247,272217
45,79962158	11,02705574	3253,382568
45,69765472	11,02203655	3259,500488
45,59577179	11,01776123	3265,614258
45,49391556	11,0124855	3271,72583
45,39207458	11,00625515	3277,836182
45,29007721	10,99977779	3283,957031
45,18811035	10,99910545	3290,075195
45,08625793	10,99351883	3296,185547
44,98432159	10,99254704	3302,300781
44,88233185	10,99062061	3308,420654
44,78041077	10,98857117	3314,538574
44,67853546	10,98218441	3320,651611
44,57658386	10,98046589	3326,765137
44,47476196	10,97916412	3332,875
44,37269974	10,97661877	3338,999756
44,27075195	10,96995449	3345,11792
44,16875076	10,96333885	3351,237793
44,06671906	10,96135616	3357,356934
43,9647789	10,96229076	3363,475098
43,86278915	10,95996189	3369,593262
43,7608757	10,95709705	3375,709717
43,65893555	10,9502449	3381,824219
43,55708313	10,94823647	3387,938477
43,45517731	10,94703197	3394,05127
43,35330963	10,94253254	3400,165039
43,25136948	10,93855572	3406,277832
43,14936447	10,92644691	3412,400879
43,04753113	10,91211319	3418,510498
42,94561768	10,8984251	3424,624756
42,8437767	10,89785671	3430,734375
42,74186707	10,89935017	3436,849609
42,63991928	10,89710426	3442,968994
42,53796005	10,89035511	3449,083984
42,43606949	10,88618279	3455,199219
42,33414459	10,8798275	3461,313965
42,23218918	10,87156487	3467,429932
42,13031006	10,87243652	3473,541992
42,0284996	10,87251949	3479,649902
41,92668152	10,86484718	3485,760742
41,8247757	10,85843849	3491,877441
41,72273254	10,85296631	3497,998535
41,62073898	10,84611416	3504,117432
41,51885986	10,8352499	3510,229004
41,41683197	10,81782055	3516,352539
41,31496048	10,81126022	3522,464355
41,21303177	10,80653381	3528,580078
41,11109543	10,79801273	3534,698975
41,00922012	10,78927898	3540,810547
40,90720749	10,78586483	3546,929688
40,80522919	10,77782345	3553,049072
40,70327759	10,76426601	3559,16626
40,60138321	10,75906277	3565,281494
40,49951172	10,75665188	3571,393311
40,39758682	10,75695229	3577,507813
40,29571152	10,75761032	3583,621826
40,19366455	10,75910282	3589,742432
40,09170151	10,75733757	3595,860596
39,98976135	10,74919224	3601,977539
39,88785172	10,73648167	3608,091553
39,78581238	10,72587299	3614,214111
39,68399048	10,71741104	3620,323242
39,58200455	10,70512962	3626,443604
39,47999573	10,70018673	3632,563965
39,37804413	10,69835091	3638,682617
39,27613068	10,69573689	3644,795166
39,17424011	10,68766022	3650,907959
39,07227707	10,67577553	3657,027588
38,97048569	10,66799545	3663,131348
38,86857224	10,66373539	3669,248779
38,76667404	10,66254044	3675,362549
38,66487122	10,66399193	3681,47168
38,56297302	10,66331482	3687,583252
38,46105957	10,65639591	3693,699707
38,35914993	10,64162922	3699,8125
38,25732422	10,63428593	3705,924561
38,15531158	10,6324501	3712,043457
38,05345154	10,62752342	3718,157471
37,95143127	10,62059784	3724,2771
37,84956741	10,61166382	3730,387451
37,74767685	10,60643196	3736,502686
37,64573669	10,60349083	3742,61792
37,54379654	10,5992651	3748,73584
37,44193268	10,59585381	3754,846191
37,34004211	10,58966255	3760,960449
37,23826981	10,58222008	3767,066162
37,13645172	10,57859135	3773,177002
37,03463745	10,57699585	3779,2854
36,93264389	10,57470226	3785,404053
36,83076096	10,5622797	3791,51709
36,72885513	10,55438423	3797,631104
36,62704468	10,5546627	3803,738281
36,5251236	10,55417728	3809,85498
36,42325592	10,55081272	3815,967773
36,32138062	10,54616451	3822,08252
36,21944046	10,54232407	3828,195068
36,11748505	10,53872776	3834,315186
36,01568222	10,53065968	3840,421143
35,91373062	10,52747917	3846,540039
35,81174088	10,52949142	3852,657715
35,70982742	10,52841663	3858,775146
35,60788345	10,52721119	3864,888916
35,50597382	10,5255127	3871,003906
35,40402985	10,52488708	3877,121582
35,30208969	10,51693821	3883,236816
35,20022583	10,50856018	3889,348877
35,09825516	10,50630188	3895,467773
34,99627686	10,50724983	3901,58667
34,89434433	10,50749779	3907,704102
34,79231644	10,5065546	3913,824463
34,69027328	10,50475216	3919,947021
34,58823013	10,49943161	3926,070313
34,48635483	10,49421883	3932,180908
34,38452148	10,48995495	3938,291016
34,28264999	10,48553371	3944,403809
34,18069458	10,48321819	3950,524414
34,07875824	10,47808456	3956,637451
33,97682571	10,47611237	3962,754395
33,87486649	10,47701931	3968,871338
33,77290726	10,47664452	3974,987793
33,67106628	10,47125626	3981,097168
33,56920624	10,46661758	3987,209961
33,46727753	10,46877098	3993,327881
33,36537552	10,47052288	3999,440186
33,26362991	10,46926308	4005,547363
33,16164017	10,46538639	4011,665527
33,05963516	10,46329117	4017,785645
32,9578476	10,45948505	4023,894043
32,85596466	10,45528507	4030,004395
32,75402832	10,45250225	4036,122314
32,65213776	10,45013142	4042,237549
32,55020523	10,44601631	4048,354004
32,44831467	10,44610214	4054,464844
32,34631348	10,44747162	4060,58667
32,24444962	10,44991207	4066,697021
32,14254761	10,44764233	4072,809082
32,04058075	10,44467926	4078,931152
31,93863106	10,44375515	4085,045898
31,83679581	10,44358349	4091,155518
31,73485947	10,44123268	4097,272461
31,63297653	10,4382	4103,385254
31,53107834	10,43674088	4109,5
31,42915726	10,43432236	4115,611816
31,32711029	10,43204975	4121,737793
31,225214	10,42777443	4127,851563
31,12330246	10,42632866	4133,96582
31,02144623	10,42555046	4140,077148
30,91950035	10,42529488	4146,193359
30,81755447	10,42391205	4152,308594
30,71568489	10,4222641	4158,42334
30,61375809	10,41843319	4164,539551
30,5119648	10,41853237	4170,645996
30,41004753	10,42014217	4176,76123
30,30803299	10,42018127	4182,882813
30,20609856	10,42024136	4188,997559
30,10409546	10,41973019	4195,120605
30,00200462	10,42019463	4201,243164
29,90010643	10,42062855	4207,359375
29,79814339	10,41927052	4213,475098
29,69617271	10,41705799	4219,595215
29,59410095	10,41384411	4225,71875
29,49217224	10,41444206	4231,833008
29,39040565	10,41461754	4237,939941
29,28861618	10,41418076	4244,045898
29,18669891	10,41517448	4250,162109
29,08477783	10,41606045	4256,276855
28,98289871	10,41604996	4262,389648
28,88097191	10,41513824	4268,506836
28,77901459	10,4142952	4274,624023
28,67712212	10,4134531	4280,739258
28,5751915	10,40907955	4286,854492
28,47328186	10,40869999	4292,96875
28,37132454	10,40953255	4299,085449
28,26939583	10,40992165	4305,20166
28,16738892	10,40925503	4311,324219
28,06550407	10,4081831	4317,437012
27,96357918	10,4094429	4323,55127
27,86154366	10,41133881	4329,673828
27,75968933	10,41239834	4335,78418
27,6577301	10,41276932	4341,901367
27,5559082	10,41264248	4348,012207
27,45392799	10,41195202	4354,131348
27,35194778	10,41100693	4360,249512
27,25010681	10,41064072	4366,358887
27,14818764	10,41071892	4372,473145
27,0463028	10,41102982	4378,586914
26,94441605	10,41113567	4384,69873
26,84259033	10,41144848	4390,807129
26,74071312	10,41015244	4396,922852
26,6387825	10,41048717	4403,038574
26,53672028	10,41140079	4409,164551
26,43483734	10,41185951	4415,276367
26,33301544	10,41161919	4421,380859
26,23115349	10,41059875	4427,496094
26,12925911	10,40930462	4433,610352
26,02724648	10,41042328	4439,73291
25,92541313	10,41019535	4445,839844
25,82349777	10,41067314	4451,95752
25,72159386	10,41003513	4458,067871
25,61978531	10,40993023	4464,177246
25,51789856	10,40935802	4470,289551
25,41597176	10,40806675	4476,407227
25,31420135	10,40866947	4482,510742
25,21244812	10,40890217	4488,617188
25,11047173	10,40768147	4494,738281
25,008564	10,40701866	4500,853027
24,90655327	10,40716457	4506,973633
24,80467415	10,40681362	4513,084961
24,70287895	10,40672779	4519,190918
24,60103416	10,40744877	4525,306152
24,49909782	10,40857887	4531,418457
24,39741135	10,40781784	4537,520996
24,2955246	10,40613842	4543,634766
24,19363785	10,40664768	4549,749023
24,09164047	10,40751553	4555,870117
23,98978233	10,40739059	4561,978516
23,88785553	10,40621185	4568,095215
23,78581619	10,40607166	4574,217773
23,68391037	10,40674591	4580,331543
23,58199883	10,40664673	4586,447266
23,48007393	10,40638733	4592,559082
23,3782177	10,40612793	4598,672852
23,27625084	10,40580845	4604,790039
23,17430305	10,40506363	4610,910156
23,07236481	10,40425205	4617,023926
22,97050667	10,4045496	4623,135254
22,86855507	10,40501213	4629,254395
22,76668549	10,40578175	4635,364258
22,66475105	10,40690041	4641,481934
22,56281471	10,40744686	4647,597656
22,46091461	10,40793896	4653,715332
22,35893631	10,40703869	4659,833008
22,25693512	10,40816784	4665,953125
22,15503883	10,40817165	4672,064453
22,05319977	10,40823364	4678,174316
21,95125771	10,40859985	4684,290527
21,84934235	10,40912247	4690,408203
21,74738884	10,41082382	4696,523926
21,64557266	10,41074181	4702,632324
21,54364014	10,41096592	4708,750488
21,44174385	10,41252518	4714,862793
21,33974838	10,41428471	4720,98291
21,2379818	10,41469955	4727,089844
21,13596725	10,41543293	4733,210938
21,03396034	10,41427326	4739,330078
20,93195724	10,41410923	4745,450684
20,8299942	10,41483212	4751,567871
20,72806931	10,41577816	4757,685059
20,62604523	10,41792488	4763,804688
20,52425194	10,41832161	4769,913086
20,42229462	10,41804981	4776,031738
20,32032967	10,41760921	4782,149902
20,21844292	10,41952515	4788,262695
20,11642647	10,42032146	4794,382813
20,01449203	10,42078972	4800,501465
19,91254234	10,42022133	4806,615723
19,81056595	10,42126846	4812,733398
19,70868874	10,42209148	4818,845215
19,60686684	10,42261505	4824,959473
19,50499344	10,42411613	4831,071289
19,40306664	10,42739773	4837,185547
19,30108261	10,4283905	4843,304199
19,19915962	10,42949772	4849,419434
19,0970993	10,42930222	4855,544434
18,9951973	10,4286623	4861,655273
18,89323616	10,42790508	4867,777832
18,79118919	10,42805672	4873,898926
18,68922806	10,42899036	4880,017578
18,58727837	10,43141842	4886,135742
18,48536301	10,43304157	4892,250977
18,38338661	10,43420792	4898,367676
18,28144836	10,43481255	4904,484375
18,17941666	10,43536377	4910,604004
18,07746696	10,43563652	4916,720703
17,97549438	10,43568611	4922,841309
17,87349319	10,43562126	4928,959961
17,77151871	10,43663883	4935,077637
17,66959381	10,43791389	4941,196289
17,56774712	10,43919277	4947,306152
17,46584892	10,44125843	4953,419922
17,36389923	10,44220352	4959,535645
17,26200485	10,4414072	4965,650879
17,16002655	10,44125557	4971,768066
17,0580883	10,44249916	4977,885254
16,95614624	10,44328499	4984,001953
16,85413933	10,44349957	4990,121582
16,75221252	10,44549274	4996,23877
16,65043449	10,44496536	5002,343262
16,54863548	10,44397068	5008,453613
16,4465847	10,44281292	5014,576172
16,34463501	10,44342995	5020,693848
16,24259949	10,44422054	5026,815918
16,14061737	10,44400883	5032,933105
16,03890038	10,44360065	5039,038574
15,93700027	10,44262695	5045,151855
15,83503819	10,44136524	5051,269531
15,73303413	10,44093132	5057,391113
15,63106823	10,4414587	5063,507324
15,52912045	10,4408617	5069,624512
15,42730618	10,44145107	5075,734375
15,32547855	10,44158649	5081,844238
15,22356892	10,4418993	5087,957031
15,12157822	10,44218254	5094,077148
15,01972294	10,44087124	5100,1875
14,91790962	10,4397583	5106,299316
14,8159008	10,43781281	5112,419434
14,71391487	10,4369297	5118,536621
14,61204815	10,4361639	5124,649902
14,51008797	10,43517876	5130,768555
14,40812874	10,43488407	5136,884277
14,30612659	10,43396854	5143,004883
14,20425034	10,43124962	5149,119629
14,10228252	10,42963982	5155,235352
14,00025845	10,42901897	5161,358887
13,89822865	10,42930412	5167,478027
13,79628754	10,42750454	5173,594727
13,69435596	10,42348766	5179,712402
13,59241295	10,41867638	5185,828613
13,49053383	10,41603184	5191,941406
13,38863182	10,41275406	5198,054688
13,2867012	10,40666676	5204,171387
13,18477917	10,4044466	5210,287598
13,08287811	10,3979063	5216,398926
12,98098946	10,39226151	5222,515137
12,87908363	10,3887701	5228,628906
12,77718544	10,38525486	5234,742676
12,67525864	10,3804493	5240,858887
12,57332325	10,37603283	5246,976074
12,47139835	10,36668777	5253,09082
12,36954689	10,36133957	5259,200195
12,26768589	10,3561697	5265,313477
12,16581821	10,34894085	5271,42627
12,06392097	10,34838009	5277,540527
11,96200085	10,34082985	5283,654785
11,86008167	10,33402157	5289,77002
11,75832272	10,31969452	5295,875488
11,65643787	10,31495094	5301,987305
11,55447006	10,30816269	5308,109863
11,45259666	10,29901314	5314,218262
11,35077858	10,28887081	5320,330078
11,24890137	10,27543163	5326,441895
11,14686871	10,26924992	5332,562012
11,04483414	10,25213814	5338,687012
10,94290543	10,24404526	5344,804199
10,84087372	10,24227715	5350,923828
10,73898506	10,23373413	5357,037598
10,63709164	10,22644615	5363,151367
10,53517723	10,21563244	5369,26416
10,4332428	10,20969963	5375,380371
10,33135319	10,1996727	5381,495605
10,22941303	10,17976093	5387,610352
10,12745667	10,17067719	5393,732422
10,02549648	10,1611166	5399,846191
9,923542976	10,15547848	5405,96582
9,821700096	10,14480495	5412,077148
9,719862938	10,13920784	5418,186035
9,61782074	10,12909508	5424,308105
9,515898705	10,11538315	5430,424805
9,413915634	10,09963703	5436,544922
9,311954498	10,08908367	5442,660156
9,210079193	10,07776833	5448,773926
9,108142853	10,06169033	5454,88916
9,00611496	10,05225468	5461,012207
8,904232025	10,04085922	5467,12207
8,802277565	10,02648735	5473,240234
8,700433731	10,00896263	5479,354492
8,598520279	9,989556313	5485,467773
8,496548653	9,980916023	5491,585449
8,394551277	9,968110085	5497,705078
8,2926054	9,958016396	5503,822266
8,190605164	9,948515892	5509,943359
8,088629723	9,933995247	5516,060059
7,986615181	9,921045303	5522,183594
7,884627819	9,90302372	5528,30127
7,782701969	9,885685921	5534,417969
7,680830479	9,873457909	5540,527344
7,578844547	9,864017487	5546,649414
7,476822376	9,848443031	5552,772461
7,374954224	9,834925652	5558,882813
7,272954941	9,828471184	5565,00293
7,170977592	9,811619759	5571,121582
7,069047451	9,791007996	5577,236328
6,967017651	9,770269394	5583,358398
6,865214348	9,754976273	5589,468262
6,763254642	9,740522385	5595,582031
6,661427021	9,725235939	5601,694336
6,559512138	9,707169533	5607,811523
6,457560539	9,689113617	5613,926758
6,355561733	9,664778709	5620,047363
6,25364399	9,643080711	5626,162598
6,151669979	9,629817009	5632,280273
6,049714088	9,607106209	5638,398438
5,947753906	9,597715378	5644,515625
5,845788956	9,581945419	5650,634277
5,743953228	9,567844391	5656,744141
5,642101765	9,545055389	5662,854492
5,540175915	9,524003983	5668,96875
5,438223362	9,499999046	5675,089844
5,336302757	9,48537159	5681,202148
5,234441757	9,460906982	5687,312988
5,132401466	9,436728477	5693,437012
5,030376434	9,421285629	5699,560059
