scan 220/11/202214:27:31		
temp(C)	power	time(seconds)
99,86529541	-573,2074585	7,145263195
99,7588501	-535,4165039	13,26429176
99,6572113	-423,6882324	19,38054848
99,55609894	-339,8622437	25,4996109
99,45511627	-272,6799622	31,62086868
99,35416412	-212,9547272	37,74085999
99,25331879	-159,3587341	43,85777664
99,15242767	-112,6032791	49,97870636
99,05158234	-73,36308289	56,09561539
98,95066833	-41,35398102	62,21886826
98,84977722	-16,03162193	68,33636475
98,74884033	3,609109163	74,45449066
98,64795685	18,41347313	80,57090759
98,5470047	29,28389168	86,69023895
98,44609833	37,07640457	92,80422974
98,34506226	42,48672867	98,92434692
98,2440567	46,00114441	105,0419846
98,14294434	48,1281929	111,1634903
98,04187775	49,14041901	117,2813568
97,94075775	49,435112	123,3963699
97,83971405	49,12669754	129,5083466
97,73854828	48,44429398	135,6301117
97,6373291	47,53482437	141,7498779
97,53606415	46,44664001	147,8674316
97,43481445	45,18511963	153,9864349
97,33345032	43,88996506	160,1099091
97,23221588	42,52629471	166,2230072
97,13092804	41,16524124	172,3387146
97,0296402	39,79373932	178,4562073
96,92829895	38,47748947	184,5733337
96,82687378	37,2105484	190,6950073
96,72548676	36,07219696	196,8119507
96,62419128	35,0252037	202,9220886
96,52274323	34,08524323	209,0424805
96,42126465	33,32163239	215,1600647
96,31984711	32,72367096	221,2766113
96,21824646	32,07188034	227,4004211
96,11680603	31,28315735	233,5168915
96,01528168	30,46339798	239,634613
95,91368103	29,65751839	245,7562866
95,81217194	28,82157898	251,8712769
95,71070099	27,99607277	257,9841614
95,6092453	27,2283287	264,0971985
95,50765991	26,46131516	270,2146301
95,40618896	25,72068214	276,3257141
95,30456543	25,04273224	282,4447021
95,2029953	24,3988533	288,5596924
95,10139465	23,82059288	294,675293
94,99968719	23,26523399	300,7981262
94,89807892	22,71336555	306,9144287
94,7963562	22,21325874	313,0340576
94,69472504	21,69238091	319,1520386
94,59307098	21,20014763	325,268219
94,49141693	20,75788307	331,3817749
94,38976288	20,34804916	337,4983521
94,2881546	19,92675591	343,611084
94,18637085	19,56492996	349,7338562
94,08467865	19,21724701	355,8501282
93,98287201	18,87830353	361,9727783
93,88106537	18,52692032	368,0928955
93,77928925	18,20971489	374,2138672
93,67758179	17,90068436	380,3266602
93,57582092	17,60012054	386,4459839
93,47409058	17,29146767	392,5621033
93,37228394	17,04442215	398,6813049
93,27039337	16,80259132	404,8065186
93,16855621	16,54437447	410,9268188
93,06680298	16,28285217	417,0406189
92,9651413	16,05922318	423,1537781
92,8634491	15,8678093	429,2631226
92,76163483	15,65615368	435,3821411
92,65975189	15,48922253	441,5059509
92,55793762	15,29175472	447,6199951
92,45598602	15,10566616	453,7455444
92,3542099	14,90068913	459,8625488
92,252388	14,68237209	465,9797058
92,15053558	14,53064728	472,0966492
92,04862976	14,38038349	478,2194519
91,94681549	14,21958923	484,3358154
91,8449173	14,08547878	490,4560242
91,74308014	13,94152164	496,574585
91,64118195	13,79968071	502,6978455
91,53932953	13,65253448	508,8150635
91,43740845	13,52709579	514,9326172
91,33547974	13,42494297	521,0547485
91,23361206	13,33169842	527,175293
91,13169098	13,22350883	533,2921143
91,02983856	13,14096642	539,4119263
90,92794037	13,02655125	545,5286865
90,82597351	12,90624237	551,6541748
90,72409821	12,76110458	557,7686768
90,6222229	12,65566063	563,8896484
90,520401	12,56234646	570,0014648
90,41849518	12,47535229	576,119751
90,31663513	12,36752987	582,2365112
90,21473694	12,28390121	588,3552856
90,11280823	12,2018671	594,4743042
90,0109787	12,10237026	600,5869141
89,90926361	12,01014996	606,6936035
89,80740356	11,93260956	612,81073
89,70547485	11,85006809	618,9296875
89,60351563	11,76228428	625,0507813
89,50158691	11,69604206	631,1675415
89,39968872	11,64722443	637,2860718
89,29774475	11,60326672	643,4041748
89,19594574	11,52131557	649,5170898
89,09393311	11,43307972	655,6394653
88,99198914	11,36596489	661,7597656
88,8901062	11,29533482	667,8748169
88,78823853	11,23513222	673,9891357
88,68627167	11,18777752	680,1107178
88,58436584	11,1138382	686,225769
88,48249054	11,03976631	692,3427124
88,38062286	10,95902157	698,4564209
88,27874756	10,89455509	704,5698242
88,17684174	10,8291111	710,6861572
88,07502747	10,76510143	716,7991943
87,97315979	10,70487404	722,9141846
87,87124634	10,65322304	729,0285645
87,7692337	10,59096432	735,1519165
87,6673584	10,51756668	741,2702026
87,56534576	10,44725323	747,3885498
87,46337128	10,38457775	753,5090332
87,36153412	10,31547165	759,6226807
87,25960541	10,23960972	765,7384644
87,15752411	10,15898323	771,8658447
87,05548859	10,10999584	777,9880981
86,95359039	10,06460285	784,1029663
86,85168457	9,994651794	790,22052
86,74961853	9,939469337	796,3463135
86,64762115	9,8845644	802,4639893
86,54559326	9,833374023	808,5884399
86,44376373	9,805623055	814,7006226
86,34185791	9,774026871	820,8148193
86,23983765	9,72612381	826,9372559
86,13783264	9,678963661	833,0594482
86,03603363	9,613536835	839,1678467
85,93408966	9,558517456	845,288269
85,83209229	9,51031208	851,4051514
85,73021698	9,469449997	857,5180664
85,62820435	9,424591064	863,6417236
85,52629852	9,384068489	869,7567139
85,424263	9,336510658	875,8789063
85,3223114	9,280597687	881,9980469
85,22029877	9,209898949	888,1194458
85,11837769	9,144818306	894,2359619
85,01634979	9,098896027	900,3598633
84,91440582	9,059353828	906,4770508
84,81243896	9,007721901	912,5927124
84,71051788	8,965156555	918,7103271
84,60852051	8,923343658	924,8293457
84,5065918	8,872480392	930,9475098
84,40470123	8,817669868	937,0618286
84,30259705	8,776357651	943,1881104
84,20057678	8,729151726	949,3098145
84,09864807	8,654696465	955,4259033
83,99655914	8,549740791	961,550415
83,89466095	8,441849709	967,663208
83,79271698	8,373076439	973,7853394
83,69073486	8,29057312	979,9019775
83,58877563	8,220852852	986,0223389
83,48686981	8,158356667	992,1351318
83,38485718	8,116425514	998,2567139
83,28289795	8,079226494	1004,375488
83,1809082	8,066916466	1010,495361
83,07885742	8,038151741	1016,615601
82,97696686	7,978487015	1022,729919
82,87495422	7,917367935	1028,852417
82,77296448	7,872055054	1034,97168
82,67100525	7,826683998	1041,089233
82,56907654	7,775081158	1047,205933
82,46717072	7,732762337	1053,318726
82,36525726	7,674050808	1059,433838
82,2634201	7,61584568	1065,546875
82,16147614	7,516026974	1071,663086
82,05962372	7,426076889	1077,775269
81,95767975	7,373180389	1083,891846
81,85572815	7,358762741	1090,008667
81,75372314	7,34476757	1096,130737
81,65171051	7,321660042	1102,251221
81,54974365	7,303012371	1108,369019
81,44785309	7,270404816	1114,482544
81,34592438	7,206063747	1120,596924
81,24404144	7,122173786	1126,711304
81,14214325	7,021281242	1132,827393
81,0401535	6,961052895	1138,946899
80,93824768	6,948622227	1145,060669
80,83636475	6,948699474	1151,173706
80,73443604	6,95100975	1157,288086
80,63249207	6,923709393	1163,406982
80,5306015	6,882774353	1169,52063
80,42875671	6,829432487	1175,630249
80,326828	6,7640481	1181,743774
80,22492981	6,712088585	1187,860107
80,1229248	6,654494286	1193,980347
80,0209198	6,603245735	1200,102539
79,91892242	6,570415497	1206,219116
79,81707764	6,500581264	1212,332397
79,71524048	6,432815552	1218,44165
79,6132431	6,369175911	1224,5625
79,51135254	6,305486202	1230,675781
79,40945435	6,251319885	1236,79126
79,30756378	6,202143669	1242,905396
79,20565033	6,131261349	1249,018433
79,1036911	6,045719624	1255,136353
79,00176239	5,968464375	1261,252441
78,89987183	5,894005775	1267,366333
78,79785156	5,825912476	1273,489136
78,69578552	5,750912189	1279,612061
78,59397125	5,677800655	1285,719116
78,49201202	5,604484081	1291,837891
78,39009857	5,522639275	1297,952148
78,2881012	5,433794498	1304,071899
78,18627167	5,326517582	1310,183472
78,08440399	5,222617626	1316,294434
77,98238373	5,139050484	1322,417114
77,88034058	5,043073654	1328,53833
77,77842712	4,972799778	1334,65271
77,67649841	4,868111134	1340,767578
77,57453918	4,744950294	1346,886841
77,4726944	4,616282463	1352,997681
77,37071991	4,499993801	1359,115234
77,26866913	4,399164677	1365,240112
77,16667175	4,268975258	1371,357788
77,06477356	4,122712612	1377,473755
76,9629364	3,989402056	1383,585205
76,86096191	3,868135452	1389,700195
76,75904083	3,755089521	1395,817139
76,65692902	3,601611137	1401,945313
76,55498505	3,396865368	1408,05957
76,45296478	3,319909811	1414,180664
76,35102081	3,185552835	1420,297485
76,24907684	2,948027134	1426,414063
76,14720154	2,70756197	1432,529297
76,04516602	2,464108944	1438,649658
75,94317627	2,221332312	1444,768799
75,84122467	1,990056515	1450,887329
75,73922729	1,782760501	1457,005981
75,63718414	1,577054858	1463,128662
75,5351944	1,372009635	1469,248535
75,43319702	1,141254067	1475,369019
75,3311615	0,906245887	1481,490356
75,22924805	0,661180615	1487,604248
75,12722778	0,374990225	1493,726929
75,02524567	0,077380709	1499,843506
74,92337036	-0,220166191	1505,958862
74,82129669	-0,535857558	1512,082153
74,71936035	-0,857600152	1518,200317
74,61752319	-1,184335232	1524,308594
74,51552582	-1,531186938	1530,426147
74,41357422	-1,875873685	1536,546387
74,31156921	-2,241495609	1542,665039
74,20960999	-2,652898312	1548,782959
74,10765076	-3,029258728	1554,899414
74,00563049	-3,419271469	1561,022461
73,90377808	-3,839083672	1567,133423
73,80181885	-4,253310204	1573,252563
73,69989777	-4,7023592	1579,364624
73,59803772	-5,190420628	1585,478271
73,49612427	-5,713900089	1591,591797
73,39419556	-6,172626495	1597,706909
73,29226685	-6,631419659	1603,82251
73,19048309	-7,087932587	1609,930786
73,08857727	-7,604406834	1616,044556
72,98661041	-8,144221306	1622,163818
72,88464355	-8,725264549	1628,281128
72,78269958	-9,350059509	1634,396729
72,68077087	-9,959163666	1640,513184
72,57874298	-10,52953148	1646,633423
72,47681427	-11,10975552	1652,751343
72,37479401	-11,70548439	1658,870117
72,27281952	-12,24770832	1664,992188
72,17079163	-12,78638935	1671,112671
72,06867218	-13,35079288	1677,240112
71,96670532	-13,96755028	1683,356323
71,86468506	-14,59439564	1689,478027
71,76272583	-15,19572735	1695,594238
71,66072845	-15,78811264	1701,7146
71,55882263	-16,32875443	1707,829468
71,45689392	-16,88487434	1713,94397
71,3548584	-17,38302612	1720,06604
71,25306702	-17,81447029	1726,17395
71,15114594	-18,26870155	1732,288818
71,04917908	-18,72952461	1738,410522
70,94717407	-19,22157669	1744,529297
70,84528351	-19,65565109	1750,642212
70,74337769	-20,03443146	1756,755981
70,64136505	-20,34670448	1762,876587
70,53935242	-20,62808609	1768,996582
70,43735504	-20,92528343	1775,116821
70,33541107	-21,14458466	1781,233154
70,23342896	-21,34573555	1787,353394
70,13159943	-21,51281548	1793,464966
70,02965546	-21,6369133	1799,578613
69,92767334	-21,70823288	1805,698486
69,82564545	-21,75616455	1811,819458
69,72383118	-21,80405426	1817,927734
69,62177277	-21,82273674	1824,05127
69,51972961	-21,78785896	1830,17688
69,41758728	-21,72180176	1836,303101
69,31555939	-21,64377975	1842,426147
69,21363068	-21,55223846	1848,541626
69,1115799	-21,44434166	1854,664673
69,00958252	-21,33519363	1860,785278
68,90750885	-21,24819756	1866,911499
68,80554962	-21,14818764	1873,026733
68,70360565	-20,98569679	1879,141846
68,60160828	-20,76832962	1885,262085
68,49974823	-20,46805763	1891,375854
68,39780426	-20,13072205	1897,491455
68,2957077	-19,74893379	1903,615234
68,19378662	-19,31806564	1909,731567
68,0918808	-18,86075401	1915,847778
67,98987579	-18,43639374	1921,965942
67,88794708	-17,97259331	1928,082642
67,78585052	-17,49435997	1934,208496
67,68392181	-16,97867203	1940,323364
67,58209229	-16,48664474	1946,433716
67,48011017	-16,00238419	1952,553467
67,37802887	-15,51819611	1958,680908
67,27606964	-15,02191544	1964,794067
67,1740799	-14,50172234	1970,916382
67,07217407	-14,00957489	1977,030029
66,97021484	-13,50136471	1983,149536
66,86829376	-13,00492287	1989,260132
66,76635742	-12,49687576	1995,378174
66,6643219	-11,99249649	2001,500366
66,56233215	-11,50258923	2007,618896
66,46035767	-10,99988651	2013,736938
66,35832214	-10,47873688	2019,859375
66,25636292	-9,991142273	2025,977661
66,15438843	-9,503647804	2032,095947
66,05237579	-9,031119347	2038,215454
65,9503479	-8,625789642	2044,336426
65,84835815	-8,186688423	2050,455078
65,74647522	-7,749325275	2056,572266
65,64453125	-7,28570652	2062,686279
65,5426178	-6,836317062	2068,799805
65,44065094	-6,442584515	2074,919922
65,33850098	-5,978331089	2081,050293
65,23644257	-5,555010796	2087,174316
65,13440704	-5,183763504	2093,292236
65,03250122	-4,808027744	2099,407959
64,93048859	-4,457229137	2105,527588
64,8285675	-4,127729416	2111,644531
64,72664642	-3,765358925	2117,758789
64,62480927	-3,42240572	2123,871094
64,52282715	-3,089260101	2129,988037
64,4208374	-2,771341324	2136,107422
64,31877899	-2,479279518	2142,232666
64,21681976	-2,191572428	2148,346924
64,11489105	-1,935325146	2154,463867
64,01299286	-1,651578546	2160,578369
63,910923	-1,341454983	2166,703857
63,80894089	-1,083576918	2172,820313
63,70687103	-0,833856583	2178,944336
63,60489655	-0,611585617	2185,066406
63,50295258	-0,372081757	2191,180176
63,40087128	-0,157734469	2197,306396
63,29887009	0,061101295	2203,425781
63,19684601	0,245361671	2209,547119
63,09486771	0,41932252	2215,666748
62,99288177	0,570819497	2221,786377
62,89075851	0,711097181	2227,910889
62,78884125	0,87530452	2234,027588
62,6868782	0,980251014	2240,143799
62,58473587	1,094702482	2246,272217
62,48269653	1,197280765	2252,39624
62,38063431	1,350521326	2258,521484
62,27857208	1,46013248	2264,645752
62,17640305	1,565896869	2270,775391
62,07440186	1,683251739	2276,894287
61,97242737	1,788201451	2283,011719
61,87040329	1,844189286	2289,133545
61,76834869	1,907961845	2295,258057
61,66639328	1,997963786	2301,374756
61,56449127	2,088804483	2307,489014
61,46237183	2,167593241	2313,614746
61,3604393	2,248122931	2319,734131
61,25851822	2,323956966	2325,845947
61,15657806	2,382057667	2331,964844
61,05463791	2,459046602	2338,081055
60,95257568	2,534793854	2344,204834
60,85063934	2,584254265	2350,319824
60,74858856	2,619147062	2356,443848
60,64662552	2,660735607	2362,55835
60,54472351	2,695575476	2368,674561
60,44272232	2,721669912	2374,794189
60,34081268	2,726656437	2380,909912
60,23895645	2,74195528	2387,020996
60,13691711	2,769813538	2393,141846
60,0349617	2,812213182	2399,262451
59,93304443	2,841955662	2405,375732
59,83104706	2,862635612	2411,494141
59,72911835	2,873508215	2417,611084
59,62711334	2,890959024	2423,729492
59,52529907	2,907858133	2429,840088
59,42335892	2,916034937	2435,95874
59,32138443	2,93810606	2442,07373
59,21945572	2,964519262	2448,188721
59,11766815	2,966703176	2454,296875
59,01574707	2,96626997	2460,414063
58,91369247	2,965088129	2466,536865
58,81160355	2,965189934	2472,661865
58,70950317	2,955427647	2478,788818
58,60746002	2,943002224	2484,90918
58,50555038	2,935286283	2491,025879
58,40361786	2,934324265	2497,140381
58,30165863	2,939776421	2503,260254
58,1995697	2,944168806	2509,383545
58,09761047	2,954101324	2515,500488
57,99575043	2,961257935	2521,614258
57,89389038	2,965443134	2527,725098
57,79188538	2,970456362	2533,845215
57,68998337	2,99008894	2539,958984
57,5880928	3,003145456	2546,07251
57,48604584	3,009773731	2552,195801
57,38406372	3,024442911	2558,316162
57,28203583	3,039458752	2564,434814
57,1801033	3,047654867	2570,551758
57,07811356	3,06282711	2576,671387
56,97599792	3,092485905	2582,79834
56,87392426	3,126100302	2588,921875
56,77207565	3,141979456	2595,032471
56,67012787	3,155330658	2601,1521
56,56810379	3,175265312	2607,271484
56,46613312	3,208322763	2613,390137
56,36424255	3,232586861	2619,504883
56,26227951	3,246199846	2625,62085
56,16025925	3,263874531	2631,74292
56,05828094	3,281825066	2637,862061
55,95640564	3,295512915	2643,974121
55,85449219	3,319797039	2650,087891
55,75254822	3,352274418	2656,203369
55,65060806	3,382507563	2662,324463
55,5487175	3,413675785	2668,436035
55,44675064	3,453082323	2674,554443
55,34481812	3,475250244	2680,668457
55,24289322	3,493249178	2686,78418
55,14096832	3,499473333	2692,900391
55,03909302	3,503019333	2699,013428
54,93716431	3,519162893	2705,129639
54,83520889	3,529554129	2711,246582
54,733284	3,537824869	2717,36377
54,63138962	3,559148073	2723,474121
54,52937317	3,585039616	2729,596436
54,42749023	3,611767292	2735,710205
54,32549286	3,644064665	2741,830566
54,22345352	3,673946142	2747,950439
54,121521	3,689313173	2754,06958
54,01950455	3,685778379	2760,187012
53,91762161	3,695887327	2766,303711
53,81562042	3,724386454	2772,422363
53,71360779	3,73593998	2778,542725
53,61164474	3,749272108	2784,659668
53,50970078	3,777930021	2790,775879
53,40781021	3,796069145	2796,888916
53,30591583	3,810397863	2803,003906
53,20399094	3,827095509	2809,118408
53,10211182	3,843673468	2815,232666
53,00018692	3,85964179	2821,348877
52,89839554	3,874679804	2827,45752
52,79634857	3,900937796	2833,579834
52,69430161	3,921925306	2839,701172
52,59239197	3,928152084	2845,817627
52,49046326	3,932874203	2851,933594
52,38858032	3,939483166	2858,044434
52,28668213	3,950373888	2864,158936
52,18466949	3,97082305	2870,281006
52,08271408	3,972495794	2876,396973
51,98079681	3,976025105	2882,512451
51,87886429	3,982898951	2888,627686
51,77684784	3,994495869	2894,749023
51,67499542	3,997280121	2900,861572
51,57304764	4,00690937	2906,977295
51,47107315	4,019035816	2913,095215
51,36904907	4,033696651	2919,216309
51,26701355	4,045705795	2925,338867
51,16492844	4,051225662	2931,467285
51,06306076	4,058476448	2937,574463
50,96111298	4,063609123	2943,693359
50,85921097	4,067574024	2949,807861
50,75723267	4,074226856	2955,927734
50,65538788	4,075884819	2962,034424
50,55339432	4,08022213	2968,156494
50,4513588	4,083723068	2974,280518
50,34928513	4,088720798	2980,40332
50,24726105	4,09509182	2986,523193
50,1452713	4,098758698	2992,644287
50,04320526	4,111310959	2998,769531
49,94113922	4,116663933	3004,891846
49,83926392	4,124558449	3011,003906
49,7372818	4,131196022	3017,122559
49,6353569	4,142223358	3023,239258
49,5334053	4,161359787	3029,355469
49,43143463	4,173476696	3035,473633
49,32947922	4,18430233	3041,59082
49,22755051	4,194366932	3047,705322
49,12562943	4,197970867	3053,822266
49,02371216	4,19382	3059,936523
48,92172623	4,197267532	3066,056396
48,81990051	4,206133366	3072,164551
48,7179451	4,220898151	3078,282715
48,61603928	4,225705624	3084,395508
48,51405716	4,229712963	3090,516602
48,412117	4,239147663	3096,631592
48,3101387	4,247723579	3102,751953
48,20821762	4,256691933	3108,866943
48,10639572	4,266825199	3114,97583
48,00437164	4,278948784	3121,099365
47,90233994	4,284397125	3127,220459
47,80033493	4,289778233	3133,340576
47,69834137	4,30009222	3139,458496
47,59641266	4,3196311	3145,575439
47,49443054	4,352737904	3151,695068
47,3924675	4,366912842	3157,8125
47,29050446	4,366499424	3163,930664
47,18841553	4,377164364	3170,056396
47,08649063	4,388727665	3176,170898
46,98450089	4,385028362	3182,288574
46,8825264	4,382129192	3188,408691
46,7805748	4,387063503	3194,529297
46,67859268	4,398813725	3200,644043
46,57659531	4,409121037	3206,762939
46,47464752	4,417996407	3212,881836
46,37261581	4,425851822	3219,003418
46,27057648	4,435593128	3225,123535
46,1685257	4,44492197	3231,247559
46,06660843	4,457770348	3237,363525
45,96456146	4,479122639	3243,486084
45,86253357	4,49597168	3249,607666
45,76048279	4,518602371	3255,72998
45,6585083	4,516924381	3261,849365
45,55669022	4,515383244	3267,958008
45,45479202	4,525532246	3274,070068
45,35284805	4,532341957	3280,188965
45,25082779	4,543075085	3286,308838
45,14888763	4,56082058	3292,427246
45,04697418	4,568912506	3298,540039
44,94509888	4,588990211	3304,653076
44,84315491	4,598352909	3310,769287
44,74113846	4,618163586	3316,889648
44,63921356	4,629786491	3323,006104
44,53727722	4,657532215	3329,124268
44,43527985	4,670171738	3335,242676
44,33346939	4,684366703	3341,352051
44,23143387	4,701924801	3347,472412
44,1295433	4,72992897	3353,587402
44,02750397	4,756477356	3359,708984
43,9255867	4,777965546	3365,823975
43,82374954	4,796132088	3371,932617
43,72185135	4,81756258	3378,048096
43,61991501	4,832750797	3384,164307
43,51794052	4,839738846	3390,282227
43,41600418	4,849932671	3396,399658
43,31401443	4,862490654	3402,518799
43,21201324	4,871438026	3408,638184
43,11000824	4,887198925	3414,759033
43,00807571	4,903319836	3420,874512
42,90612793	4,926605225	3426,991943
42,80417633	4,949174881	3433,110107
42,70216751	4,969167709	3439,229736
42,60025787	4,988873482	3445,344727
42,49836349	5,001799583	3451,456787
42,3964386	5,014270782	3457,571289
42,29454422	5,031861305	3463,689453
42,19255447	5,051389694	3469,806641
42,09057999	5,084654808	3475,926758
41,98857498	5,120755672	3482,046875
41,88660812	5,144284248	3488,165283
41,784729	5,160497189	3494,275146
41,68268204	5,174007893	3500,399902
41,580616	5,19045639	3506,522705
41,47864532	5,202043056	3512,642822
41,37655258	5,211825371	3518,766602
41,27457047	5,235250473	3524,885254
41,17253494	5,264010906	3531,009277
41,07058716	5,2802248	3537,126465
40,96854401	5,285238266	3543,249268
40,86667633	5,298735619	3549,361084
40,7647934	5,313663483	3555,472656
40,6627655	5,33766222	3561,595459
40,56070709	5,371054649	3567,719971
40,45867538	5,402507305	3573,838623
40,35665512	5,428298473	3579,962402
40,25460815	5,445755005	3586,08667
40,15246964	5,468874454	3592,213623
40,05031967	5,493957996	3598,342041
39,94829178	5,51001358	3604,463135
39,84626389	5,525799274	3610,584473
39,74433899	5,54845047	3616,699951
39,64241409	5,569378376	3622,817139
39,54037857	5,593980789	3628,938232
39,43847275	5,617961407	3635,053711
39,33644104	5,636896133	3641,174805
39,23451614	5,642536163	3647,289063
39,13253403	5,656608105	3653,408691
39,0305748	5,678952694	3659,527344
38,92863464	5,709804058	3665,641846
38,82671738	5,746694565	3671,757568
38,72479248	5,768295765	3677,873779
38,62276077	5,783075809	3683,995361
38,52082443	5,794295788	3690,110352
38,41889954	5,802289486	3696,227051
38,31676102	5,826685905	3702,354248
38,21483231	5,847551346	3708,470459
38,11294174	5,873439789	3714,583252
38,01097107	5,896948814	3720,701416
37,90908432	5,919269562	3726,817627
37,80699158	5,944353104	3732,941895
37,70503235	5,955143929	3739,057373
37,60300446	5,967036247	3745,181152
37,50100708	5,981935501	3751,302002
37,39893723	6,001451969	3757,423096
37,29698181	6,027780056	3763,543701
37,19509888	6,0471735	3769,658936
37,09311676	6,072398663	3775,776367
36,99111176	6,10349369	3781,893311
36,88915634	6,132720947	3788,013184
36,78706741	6,140516281	3794,138184
36,685215	6,14216423	3800,248535
36,58330917	6,156353474	3806,362549
36,4813385	6,173160553	3812,483154
36,37940979	6,204052448	3818,597168
36,27746964	6,230393887	3824,711914
36,1754837	6,243534088	3830,831299
36,07347488	6,247954845	3836,952881
35,97145081	6,262452126	3843,07373
35,86949158	6,289596558	3849,191895
35,7675972	6,314450264	3855,304932
35,66567993	6,33154583	3861,419434
35,56375122	6,347031116	3867,538086
35,46178055	6,36619091	3873,655273
35,35983658	6,385638714	3879,769775
35,25786972	6,402006149	3885,890869
35,15585709	6,426791668	3892,01123
35,05372238	6,452720642	3898,138428
34,95159149	6,470695496	3904,266846
34,84962845	6,488949776	3910,383057
34,74760437	6,50397253	3916,505859
34,64566803	6,523498058	3922,62085
34,5437088	6,536815166	3928,73999
34,44168091	6,551107883	3934,858154
34,33991623	6,571576595	3940,96582
34,23793411	6,590233803	3947,086182
34,13585663	6,606822968	3953,209961
34,03392792	6,619324684	3959,327393
33,93204498	6,629027843	3965,439697
33,82993698	6,654325485	3971,564697
33,72798538	6,662564754	3977,68335
33,62585449	6,671264172	3983,810547
33,5238533	6,688713551	3989,929932
33,421875	6,701817036	3996,050537
33,31988525	6,716704369	4002,167236
33,21795273	6,744964123	4008,283936
33,11587143	6,765921116	4014,409912
33,0139122	6,783170223	4020,52832
32,91182709	6,787573338	4026,65332
32,80978775	6,799336433	4032,776123
32,70776367	6,816281319	4038,893799
32,6057663	6,828359604	4045,016846
32,50376129	6,842267036	4051,13623
32,40178299	6,868701935	4057,255371
32,29987335	6,891736507	4063,369385
32,19789505	6,908492565	4069,488281
32,09594727	6,921717644	4075,602783
31,99390602	6,936983585	4081,726563
31,8919735	6,956202984	4087,841553
31,79003143	6,971421242	4093,961426
31,68810654	6,984046936	4100,074707
31,58610344	6,998338699	4106,195801
31,48410797	7,016299725	4112,3125
31,38220787	7,024829865	4118,429199
31,2802887	7,032951355	4124,54541
31,17831993	7,046338558	4130,662109
31,07629776	7,06210804	4136,782715
30,97441101	7,075295448	4142,895508
30,87247658	7,095653057	4149,01416
30,77046585	7,116005421	4155,134277
30,66856003	7,139009476	4161,248535
30,56652832	7,152437687	4167,368652
30,464571	7,162068844	4173,486328
30,36263084	7,176240444	4179,604004
30,26068497	7,183995724	4185,72168
30,15870476	7,191081047	4191,841309
30,05665398	7,206412792	4197,961914
29,95472336	7,224442482	4204,077148
29,85279465	7,225566387	4210,194824
29,75078964	7,239616394	4216,313477
29,64879417	7,261918068	4222,435059
29,54680061	7,280308247	4228,553223
29,44480705	7,301887512	4234,675293
29,34298325	7,326047897	4240,783691
29,24104309	7,349670887	4246,900391
29,13908958	7,359966755	4253,01709
29,03714752	7,362168312	4259,132813
28,93512154	7,3703866	4265,256836
28,83322906	7,377523422	4271,369141
28,73128128	7,38758707	4277,485352
28,62932777	7,391207218	4283,603516
28,52728271	7,3905406	4289,729004
28,42520523	7,404614925	4295,850586
28,32323456	7,419464588	4301,96875
28,22140121	7,42810154	4308,078613
28,11939812	7,432361603	4314,199219
28,01739311	7,446070194	4320,320313
27,91542435	7,471453667	4326,437012
27,81344795	7,478713036	4332,556641
27,71146011	7,492985249	4338,675781
27,60949707	7,50592947	4344,793945
27,50748634	7,512364388	4350,914063
27,40541649	7,515077591	4357,038574
27,303442	7,522116661	4363,154785
27,20150566	7,531454563	4369,272949
27,09956741	7,536820889	4375,392578
26,99768829	7,549160004	4381,499023
26,89579201	7,568297863	4387,616699
26,79384995	7,587823868	4393,731934
26,69185448	7,598786831	4399,852051
26,58987617	7,607596397	4405,970703
26,48786163	7,62062645	4412,091309
26,38604736	7,65056181	4418,200195
26,28415108	7,665673256	4424,314453
26,18223381	7,676001549	4430,428223
26,08024979	7,680657864	4436,55127
25,97831154	7,690238953	4442,664063
25,87647057	7,694312096	4448,774414
25,77448463	7,699026108	4454,895508
25,67258072	7,708892345	4461,009277
25,57070923	7,711614609	4467,120605
25,4685421	7,709683895	4473,250488
25,36640167	7,727060318	4479,381348
25,26417732	7,73942852	4485,51416
25,16209412	7,746543884	4491,639648
25,05997086	7,748653889	4497,766602
24,95791245	7,75920248	4503,890137
24,85589409	7,770461082	4510,010254
24,75384521	7,790631294	4516,133301
24,6518383	7,800431728	4522,254395
24,54982758	7,812292576	4528,378906
24,44769096	7,817797661	4534,503906
24,3456707	7,823558331	4540,623047
24,24357796	7,831704617	4546,749512
24,14140701	7,853318691	4552,879395
24,03932762	7,86406517	4559,005371
23,93727112	7,866990566	4565,128906
23,83519363	7,871363163	4571,25293
23,73322487	7,882102489	4577,37207
23,6312542	7,900495529	4583,490234
23,52916145	7,908495426	4589,616211
23,42718315	7,916941166	4595,731934
23,32521248	7,93481636	4601,853027
23,22331429	7,945044518	4607,964844
23,12127495	7,950084686	4614,088867
23,01929665	7,969548225	4620,208008
22,91732025	7,989439964	4626,325195
22,81538963	7,997348309	4632,440918
22,71348381	7,990366459	4638,555176
22,61152649	7,994129181	4644,674316
22,50953102	8,011883736	4650,791992
22,40755463	8,025657654	4656,910645
22,30562592	8,038444519	4663,028809
22,20374489	8,050884247	4669,141602
22,10177994	8,056268692	4675,257324
21,99986839	8,060605049	4681,373535
21,89807892	8,081766129	4687,478516
21,79612732	8,099167824	4693,598145
21,69411469	8,109121323	4699,717285
21,59219551	8,11195755	4705,833984
21,49031258	8,121091843	4711,947754
21,38824272	8,143210411	4718,070801
21,28631783	8,159750938	4724,1875
21,18427086	8,173118591	4730,310547
21,08228111	8,18043232	4736,429199
20,98016739	8,178154945	4742,558105
20,87819672	8,176136017	4748,675293
20,77607727	8,180772781	4754,802734
20,67405319	8,185483932	4760,92334
20,57200241	8,190848351	4767,043945
20,47000504	8,200000763	4773,166016
20,36816216	8,216815948	4779,275879
20,26624107	8,237010956	4785,393066
20,16427994	8,251433372	4791,51123
20,06229782	8,255754471	4797,626953
19,96030617	8,267608643	4803,748047
19,85837364	8,281409264	4809,867188
19,7563343	8,289029121	4815,98584
19,65431786	8,28991127	4822,109375
19,55233955	8,301109314	4828,226563
19,45041847	8,324154854	4834,342773
19,34847832	8,334292412	4840,458496
19,24650764	8,338685989	4846,576172
19,1445694	8,349736214	4852,695313
19,04256821	8,360624313	4858,812988
18,94071198	8,366737366	4864,926758
18,83881569	8,373265266	4871,039551
18,73687935	8,375150681	4877,155273
18,63499832	8,385873795	4883,268555
18,53303146	8,395357132	4889,386719
18,4310112	8,417943001	4895,507324
18,32901573	8,435586929	4901,625977
18,22710609	8,446882248	4907,741699
18,12508583	8,449318886	4913,861816
18,02317429	8,453127861	4919,977051
17,92125511	8,458161354	4926,094727
17,81933022	8,471780777	4932,20752
17,71733665	8,489230156	4938,329102
17,61539078	8,500441551	4944,443848
17,51351929	8,514433861	4950,559082
17,4114933	8,532699585	4956,680176
17,30952835	8,535004616	4962,796387
17,20758438	8,539351463	4968,914063
17,1055336	8,540514946	4975,037598
17,00362206	8,551927567	4981,152832
16,90159607	8,566897392	4987,273438
16,79969025	8,577788353	4993,387695
16,69772339	8,585412979	4999,506348
16,59578323	8,587722778	5005,624023
16,49382401	8,6034832	5011,738281
16,39186859	8,614500999	5017,858398
16,28992271	8,631893158	5023,974121
16,1879425	8,640422821	5030,09375
16,08593369	8,648193359	5036,213867
15,98395634	8,659871101	5042,333496
15,88198471	8,678069115	5048,45166
15,78008938	8,687275887	5054,566406
15,67825699	8,695264816	5060,678223
15,57637787	8,698022842	5066,787598
15,47451305	8,705408096	5072,900879
15,3724432	8,719404221	5079,023926
15,27054977	8,741348267	5085,138184
15,16864204	8,758597374	5091,251953
15,06669903	8,769064903	5097,370117
14,96472168	8,773531914	5103,486328
14,86281681	8,774009705	5109,603027
14,7609539	8,784331322	5115,712891
14,65900898	8,791956902	5121,82959
14,55710697	8,796076775	5127,942383
14,45512962	8,810462952	5134,06543
14,35313606	8,824447632	5140,182617
14,25124836	8,828274727	5146,296387
14,14932346	8,83272934	5152,412598
14,04735184	8,83860302	5158,531738
13,94530773	8,849268913	5164,654297
13,84346008	8,859648705	5170,76416
13,74144745	8,874646187	5176,885742
13,63951111	8,875355721	5183,001953
13,53759956	8,879946709	5189,114746
13,43557644	8,8916502	5195,237305
13,33365154	8,900352478	5201,353516
13,23173618	8,91210556	5207,469727
13,12958431	8,921457291	5213,597656
13,02761173	8,929350853	5219,716797
12,92553711	8,939990997	5225,842773
12,82342052	8,956978798	5231,969727
12,72130108	8,967579842	5238,094727
12,61937237	8,975364685	5244,210938
12,51745033	8,980548859	5250,324219
12,4154129	8,985555649	5256,449219
12,31348133	8,995956421	5262,562988
12,21158314	9,003975868	5268,679688
12,10963631	9,016525269	5274,79541
12,00767612	9,0280056	5280,914063
11,90573788	9,039214134	5287,030273
11,80383205	9,056880951	5293,143066
11,70186043	9,074009895	5299,262207
11,59992599	9,078169823	5305,378906
11,49806786	9,077749252	5311,489258
11,39607334	9,079319954	5317,612305
11,29413795	9,082658768	5323,726563
11,19219685	9,09091568	5329,842773
11,09029007	9,104751587	5335,959473
10,98830605	9,116323471	5342,078125
10,88632107	9,131538391	5348,197754
10,78441334	9,147729874	5354,308594
10,68255615	9,154319763	5360,421875
10,58058834	9,162078857	5366,541992
10,47869205	9,177280426	5372,65332
10,37678814	9,190336227	5378,768066
10,2748518	9,206392288	5384,884766
10,17288017	9,220504761	5391,002441
10,07090378	9,229818344	5397,122559
9,9688797	9,243847847	5403,242676
9,866884232	9,248239517	5409,36377
9,764798164	9,258332253	5415,490723
9,662735939	9,27532959	5421,611328
9,560772896	9,28556633	5427,729004
9,458821297	9,291196823	5433,848145
9,356925964	9,300333977	5439,961914
9,255021095	9,319444656	5446,07373
9,153035164	9,322577477	5452,197266
9,051045418	9,329696655	5458,312012
8,949185371	9,339834213	5464,424805
8,847219467	9,352027893	5470,54248
8,745269775	9,364141464	5476,658203
8,643352509	9,374253273	5482,776367
8,541352272	9,384366989	5488,894531
8,43953228	9,401286125	5495,003906
8,33747673	9,406719208	5501,129395
8,235527039	9,411426544	5507,246582
8,133667946	9,422864914	5513,355957
8,03178978	9,43662262	5519,47168
7,929854393	9,440748215	5525,585449
7,82806778	9,448527336	5531,693359
7,726067543	9,468858719	5537,813965
7,624083042	9,490460396	5543,932617
7,522051811	9,501997948	5550,056641
7,419979572	9,510156631	5556,180664
7,317849636	9,52056694	5562,306152
7,215932846	9,520064354	5568,420898
7,113986015	9,516582489	5574,539551
7,0119977	9,518803596	5580,65918
6,909922123	9,535129547	5586,783691
6,807931423	9,549840927	5592,90625
6,706027508	9,558568954	5599,016113
6,604093552	9,562322617	5605,132324
6,502126694	9,573402405	5611,249512
6,400182724	9,583716393	5617,367676
6,298164368	9,58532238	5623,489746
6,196234703	9,592944145	5629,60498
6,094324112	9,601542473	5635,719238
5,992391586	9,612314224	5641,835449
5,890239239	9,615271568	5647,965332
5,788244247	9,624387741	5654,083008
5,686266422	9,633202553	5660,202637
5,584446907	9,635803223	5666,312988
5,482592106	9,640922546	5672,424316
5,380579948	9,651774406	5678,542969
5,278671265	9,660685539	5684,658203
5,176642418	9,658828735	5690,78125
5,07472086	9,65681076	5696,897461
