scan 920/11/202208:56:57		
temp(C)	power	time(seconds)
5,136105061	395,0452881	7,127402782
5,238981247	363,6921082	13,24363422
5,340076447	294,4639282	19,35956192
5,440977573	243,2258911	25,48019791
5,541803837	202,4311676	31,60305595
5,642507076	166,7153931	37,71746063
5,743227959	135,0393219	43,83182907
5,843797207	107,6528854	49,93811798
5,944535255	84,54782104	56,05527496
6,045295715	65,61334991	62,17213821
6,146132946	50,39334106	68,29081726
6,246825695	38,42590332	74,40126801
6,347668648	29,09099388	80,51840973
6,448624611	21,92828751	86,63465881
6,54940033	16,52684975	92,74518585
6,650332928	12,51999569	98,85809326
6,751159668	9,551105499	104,9640961
6,852105141	7,403428555	111,0747528
6,953110695	5,873135567	117,1840057
7,054149151	4,859005451	123,2992859
7,155309677	4,156062603	129,4154968
7,2564888	3,719883204	135,5301819
7,35769701	3,496072054	141,6500397
7,459095478	3,396017313	147,7749329
7,560103416	3,402843714	153,874054
7,661385059	3,452079058	159,9870758
7,762670994	3,623078346	166,1066437
7,863901138	3,804887056	172,2162323
7,965277672	3,988389969	178,3357544
8,066728592	4,146277428	184,4536438
8,168046951	4,346498966	190,5645599
8,26941967	4,545370579	196,6754913
8,370933533	4,738419533	202,7989349
8,472426414	4,910171986	208,9128113
8,573913574	5,072441578	215,0323792
8,675426483	5,215563774	221,1486816
8,776940346	5,349251747	227,2631683
8,878298759	5,490358829	233,3694
8,979901314	5,641070366	239,4877777
9,081368446	5,750199318	245,5996094
9,182952881	5,84846735	251,7149506
9,284566879	5,935575008	257,8352356
9,386185646	6,022082806	263,9502563
9,48793602	6,106652737	270,0758972
9,589398384	6,179618359	276,1809692
9,690992355	6,264713287	282,2930908
9,792650223	6,341883659	288,4087219
9,894283295	6,404453278	294,5276184
9,996006966	6,456066132	300,6434326
10,09763622	6,498400688	306,7550659
10,19931984	6,531401157	312,8722229
10,30102253	6,562243938	318,9884033
10,40262794	6,585124969	325,0987244
10,50428581	6,607141972	331,2096252
10,60596561	6,634537697	337,3213501
10,70773411	6,669406414	343,4420776
10,8095665	6,707593918	349,5608826
10,9112606	6,748111725	355,6750183
11,01300907	6,792615891	361,7918701
11,11487865	6,84115696	367,9165955
11,21662331	6,89666748	374,0284424
11,31834412	6,958236217	380,1399841
11,4201622	7,019125462	386,2590637
11,52203941	7,060489655	392,3772583
11,62372112	7,107857227	398,4862061
11,72551537	7,160632133	404,6060181
11,82723427	7,205668449	410,7156372
11,92919254	7,248370647	416,8406982
12,0309906	7,306206703	422,9547119
12,13286209	7,358286858	429,0737915
12,23469353	7,399795532	435,1933594
12,33653259	7,434861183	441,306366
12,43835449	7,470796108	447,4232788
12,54025555	7,50178957	453,5436707
12,64215946	7,541285992	459,6632385
12,74406338	7,569679737	465,77948
12,84581566	7,618597507	471,8920288
12,94759083	7,65166235	478,0025024
13,0493784	7,673773766	484,1166687
13,15124035	7,693994045	490,23349
13,25304317	7,723635674	496,3444519
13,35478783	7,750969887	502,4541016
13,45651436	7,780329227	508,5623474
13,55844116	7,8098526	514,6796875
13,66018677	7,845928669	520,7911987
13,76207066	7,872113705	526,9086304
13,86398888	7,890974045	533,0223389
13,96576023	7,907677174	539,1348877
14,06768322	7,932243824	545,2548218
14,16959	7,948954105	551,3717041
14,27135181	7,970024109	557,4789429
14,37318134	7,993972301	563,5916138
14,47490597	8,014546394	569,6975708
14,5767231	8,024673462	575,8103638
14,67865181	8,042718887	581,9256592
14,78040886	8,061894417	588,0377197
14,8822794	8,078773499	594,149353
14,98406601	8,094928741	600,2618408
15,08601093	8,116301537	606,3778076
15,18779087	8,143268585	612,4852295
15,28936863	8,1647892	618,5848999
15,39136887	8,170695305	624,7044067
15,49316216	8,184095383	630,8147583
15,5952034	8,199876785	636,9402466
15,69699001	8,220137596	643,0479736
15,79878998	8,228239059	649,1566772
15,90061283	8,235380173	655,2686768
16,00258064	8,251645088	661,3865356
16,10447884	8,263038635	667,501709
16,20638084	8,26756382	673,6161499
16,30815697	8,265836716	679,7245483
16,41014099	8,27306366	685,8432007
16,51204872	8,27636528	691,9604492
16,61390305	8,2751894	698,0714722
16,71585846	8,277424812	704,1893921
16,81767082	8,275457382	710,3021851
16,91957474	8,273851395	716,4141846
17,02155304	8,26961422	722,5317383
17,12336731	8,268260002	728,6403198
17,22525978	8,268194199	734,7554932
17,32711601	8,266499519	740,8688354
17,42892265	8,263162613	746,9767456
17,53088379	8,260857582	753,0961914
17,63276863	8,261311531	759,2099609
17,73462868	8,258900642	765,3217773
17,83639526	8,256608963	771,4265747
17,93831062	8,255399704	777,5429077
18,04019165	8,253962517	783,6569824
18,14195442	8,251345634	789,7629395
18,2438755	8,248332977	795,8798218
18,34575081	8,246076584	801,991333
18,44766998	8,244501114	808,1079102
18,54956245	8,242875099	814,2195435
18,65147209	8,236736298	820,3359375
18,75331116	8,236233711	826,447876
18,85521698	8,236441612	832,5623779
18,95712852	8,235259056	838,6773071
19,0590744	8,235115051	844,7941284
19,16101837	8,234654427	850,9107056
19,26276398	8,2336092	857,0147705
19,36466217	8,232782364	863,1308594
19,46663094	8,230316162	869,2507324
19,56853867	8,226337433	875,3651733
19,67040634	8,220331192	881,4779663
19,77241707	8,218317032	887,5976563
19,87432289	8,219254494	893,713501
19,97615623	8,219911575	899,8241577
20,07810211	8,21887207	905,942627
20,17995834	8,219861031	912,0535278
20,2818222	8,221536636	918,163208
20,3836956	8,219856262	924,2773438
20,48550606	8,21154213	930,3867798
20,58727837	8,210085869	936,4921875
20,68915176	8,213450432	942,6038208
20,79105759	8,215963364	948,7210083
20,89297485	8,217556	954,835022
20,99487495	8,217587471	960,9494019
21,09680557	8,219567299	967,0670166
21,19887733	8,22005558	973,1947021
21,30081177	8,222240448	979,3095703
21,40273666	8,227642059	985,4232788
21,50465775	8,238721848	991,5404663
21,60666275	8,246334076	997,6599121
21,70861816	8,247979164	1003,777039
21,8105545	8,248497009	1009,893188
21,91252708	8,253539085	1016,013672
22,01438904	8,260877609	1022,125488
22,11631393	8,268625259	1028,240723
22,21825218	8,277630806	1034,355225
22,32010841	8,287584305	1040,462646
22,42183876	8,297947884	1046,571655
22,52367783	8,301687241	1052,682739
22,62556267	8,303933144	1058,796509
22,72747421	8,305588722	1064,909424
22,82935333	8,313363075	1071,023438
22,93125343	8,324341774	1077,137207
23,03304863	8,345966339	1083,243408
23,13494682	8,356824875	1089,357178
23,23671913	8,370861053	1095,4646
23,33862305	8,378587723	1101,578491
23,44040489	8,390647888	1107,686279
23,54209137	8,40079689	1113,788452
23,64397049	8,414464951	1119,897949
23,74583244	8,431635857	1126,01416
23,84775162	8,461001396	1132,127441
23,94973946	8,475160599	1138,250122
24,05161858	8,485876083	1144,36145
24,15361214	8,49878788	1150,478394
24,25553894	8,516221046	1156,595825
24,35740471	8,535383224	1162,708374
24,45921135	8,551524162	1168,817017
24,56116104	8,582783699	1174,93396
24,66302872	8,600120544	1181,046875
24,76486969	8,610251427	1187,156372
24,86681557	8,626567841	1193,274536
24,96878433	8,643718719	1199,390625
25,0705986	8,659212112	1205,498901
25,17249489	8,674028397	1211,614258
25,27440643	8,697147369	1217,728271
25,37623596	8,722169876	1223,839966
25,47793198	8,749746323	1229,940186
25,5797081	8,775176048	1236,046021
25,68163109	8,80039978	1242,162598
25,78347778	8,813786507	1248,273193
25,8854351	8,827217102	1254,391724
25,98748207	8,835977554	1260,514526
26,08951569	8,84700489	1266,637451
26,19139862	8,859096527	1272,751099
26,29334641	8,870024681	1278,864868
26,3952179	8,892930031	1284,976563
26,49704933	8,925282478	1291,089111
26,59891319	8,961677551	1297,198608
26,70074272	8,980379105	1303,310425
26,8027153	8,99019146	1309,429077
26,90467072	9,003843307	1315,545776
27,00664139	9,029941559	1321,665649
27,1084671	9,046065331	1327,775024
27,21048355	9,068454742	1333,894653
27,31236267	9,099355698	1340,005005
27,41423035	9,127929688	1346,122314
27,51622581	9,142208099	1352,238037
27,6180687	9,148812294	1358,347534
27,72000504	9,16966629	1364,466431
27,82197189	9,171646118	1370,582153
27,9238224	9,192673683	1376,691772
28,02570343	9,210904121	1382,805542
28,12752342	9,22103405	1388,917236
28,22953224	9,245753288	1395,036743
28,33145142	9,260868073	1401,151489
28,43348122	9,276991844	1407,273926
28,53543472	9,300367355	1413,390503
28,63743973	9,312418938	1419,51123
28,7394104	9,331148148	1425,628418
28,84132004	9,366467476	1431,742432
28,94318199	9,38609314	1437,856812
29,04507446	9,408218384	1443,969604
29,14697456	9,443810463	1450,084961
29,24886322	9,48157692	1456,19812
29,35085487	9,506987572	1462,318237
29,45279121	9,515128136	1468,434937
29,55478668	9,536694527	1474,550659
29,65671539	9,550009727	1480,670288
29,75863075	9,556055069	1486,784668
29,86053467	9,559578896	1492,89624
29,962286	9,575829506	1499,005249
30,06434441	9,6140728	1505,12561
30,16613007	9,641348839	1511,23291
30,26813126	9,651574135	1517,352905
30,36996841	9,657053947	1523,463989
30,47200012	9,683074951	1529,58667
30,57390785	9,703788757	1535,699707
30,67583466	9,719861984	1541,815552
30,77783966	9,747179985	1547,935547
30,87972069	9,789511681	1554,050049
30,98163605	9,811997414	1560,162842
31,08355141	9,826159477	1566,279907
31,18551636	9,845103264	1572,397095
31,28750801	9,865983963	1578,519287
31,38944435	9,874744415	1584,632568
31,49127197	9,889864922	1590,739868
31,59314728	9,918081284	1596,855103
31,69508362	9,930641174	1602,970215
31,79705238	9,944450378	1609,08606
31,89893913	9,959122658	1615,201172
32,00078583	9,973139763	1621,312134
32,10267258	9,984666824	1627,428101
32,20454025	9,988883972	1633,539307
32,30659485	10,01055241	1639,66272
32,40857315	10,05144215	1645,778442
32,51047516	10,09488583	1651,89563
32,61244583	10,11508751	1658,012573
32,71440125	10,14516735	1664,130127
32,81633759	10,16638851	1670,247437
32,91830063	10,1707077	1676,362183
33,02015305	10,18479824	1682,473877
33,12184143	10,21719742	1688,575928
33,22368622	10,24579144	1694,688354
33,325634	10,26403236	1700,802979
33,4274826	10,2794342	1706,911011
33,52935028	10,29012108	1713,02478
33,63129425	10,30813503	1719,144165
33,73314285	10,3265543	1725,255859
33,83507919	10,35161114	1731,367554
33,9368782	10,36903763	1737,477173
34,03880692	10,37047482	1743,594116
34,14069748	10,38277912	1749,705811
34,2426033	10,40242386	1755,821533
34,34438324	10,43049717	1761,928345
34,44623184	10,45860195	1768,040894
34,54794693	10,46888638	1774,138916
34,64982986	10,49396038	1780,252197
34,75162125	10,53266811	1786,363159
34,85347748	10,56813717	1792,473267
34,95532227	10,58218956	1798,586304
35,05712128	10,59569263	1804,689819
35,15891266	10,60337639	1810,800537
35,26078033	10,61810684	1816,91333
35,3627243	10,64641953	1823,029785
35,46460724	10,6859169	1829,141235
35,56641769	10,71865749	1835,250366
35,66831589	10,73394203	1841,36499
35,77030945	10,74555302	1847,484253
35,87221146	10,76914597	1853,5979
35,9740715	10,78372383	1859,709473
36,07605743	10,78721619	1865,827881
36,17799377	10,80427837	1871,944092
36,27992249	10,84446526	1878,058716
36,38180161	10,87254524	1884,174194
36,48373032	10,88393116	1890,289795
36,58557129	10,89642715	1896,400635
36,68739319	10,93246555	1902,509766
36,78921127	10,961483	1908,616943
36,89110947	10,99745178	1914,731689
36,99300385	11,01604462	1920,844971
37,09505081	11,0365963	1926,967529
37,19693375	11,09395599	1933,081543
37,29891205	11,14291382	1939,202271
37,40079498	11,1683588	1945,313354
37,50268173	11,19402599	1951,424805
37,604599	11,20579624	1957,538574
37,70640182	11,2139101	1963,647827
37,80843353	11,22609425	1969,770386
37,91047287	11,24422932	1975,892578
38,01225662	11,2705946	1981,999756
38,11407089	11,2903986	1988,108154
38,21596146	11,31145477	1994,22229
38,31796265	11,33560658	2000,343628
38,41978836	11,3617115	2006,450684
38,5218277	11,38800049	2012,57312
38,62376404	11,40988541	2018,690796
38,72567368	11,43134975	2024,807129
38,8276329	11,44478226	2030,922852
38,92960739	11,44310188	2037,041626
39,03151321	11,44547462	2043,156006
39,13339996	11,46527958	2049,26709
39,2352829	11,47890186	2055,38208
39,33725357	11,50127983	2061,499268
39,43924713	11,54117298	2067,618652
39,54106522	11,5899086	2073,729248
39,64300156	11,62656212	2079,844482
39,74488068	11,64670563	2085,95752
39,84677887	11,6816473	2092,069824
39,94875336	11,71425056	2098,190674
40,05064392	11,73926544	2104,302246
40,1525383	11,77014065	2110,414795
40,25436401	11,81039906	2116,524414
40,35622025	11,83810329	2122,635986
40,45801544	11,85631466	2128,743652
40,55992508	11,88740635	2134,859131
40,66175842	11,90907097	2140,969727
40,76364517	11,93369865	2147,082764
40,86557007	11,94769096	2153,199951
40,96747971	11,98226452	2159,312988
41,0694313	12,01035213	2165,430908
41,17134094	12,03550434	2171,545898
41,2733078	12,06332493	2177,661865
41,37535095	12,11191177	2183,785156
41,47728348	12,14905548	2189,900879
41,5791626	12,1819458	2196,012695
41,68110275	12,2112627	2202,130127
41,78292084	12,23731136	2208,239746
41,88493347	12,27001286	2214,361572
41,98697281	12,2960062	2220,481445
42,08888626	12,31770706	2226,5979
42,19089508	12,35151386	2232,718018
42,29271317	12,3710537	2238,824463
42,39458084	12,3897953	2244,937012
42,49655914	12,41002274	2251,057861
42,5984993	12,45815945	2257,173584
42,70051193	12,49183464	2263,294434
42,80246353	12,51836777	2269,411377
42,90444946	12,54896641	2275,531738
43,00629044	12,58673954	2281,64209
43,10822678	12,61091137	2287,756348
43,21009445	12,62103367	2293,868164
43,3119545	12,65738869	2299,981201
43,41384506	12,68019676	2306,095215
43,51576233	12,68878937	2312,209473
43,61766434	12,71316528	2318,322266
43,71959305	12,75186062	2324,440186
43,82152557	12,78781414	2330,555176
43,92348862	12,83626556	2336,67334
44,02552795	12,87161541	2342,795898
44,12746048	12,91791344	2348,912109
44,22953796	12,95841694	2355,037109
44,33139801	12,98898888	2361,148682
44,43348312	13,01112652	2367,272705
44,53537369	13,04542351	2373,38501
44,63731003	13,07585335	2379,501953
44,73922729	13,09748745	2385,616455
44,84112549	13,12596893	2391,731445
44,94309998	13,15637684	2397,848389
45,04493332	13,19222832	2403,959473
45,14678955	13,21874142	2410,068359
45,24869919	13,25309944	2416,185059
45,35050201	13,28779221	2422,291992
45,45241547	13,32899666	2428,40625
45,55423737	13,35797501	2434,517578
45,6562767	13,39135456	2440,639404
45,75814819	13,42926025	2446,750977
45,86008835	13,46286774	2452,869141
45,96199417	13,4849472	2458,979492
46,06377792	13,51183224	2465,089844
46,16572571	13,54563427	2471,205566
46,26774216	13,56362438	2477,326904
46,36962128	13,58889294	2483,438721
46,4715271	13,62061119	2489,551514
46,57341385	13,64893913	2495,666748
46,67535019	13,68132114	2501,782959
46,77729034	13,7189436	2507,900146
46,87922287	13,77547455	2514,017578
46,98114395	13,82988644	2520,130371
47,08312225	13,87033749	2526,247314
47,18492126	13,91122818	2532,355469
47,2868576	13,95746326	2538,474121
47,38871002	13,98886395	2544,586426
47,49065018	14,0120039	2550,69751
47,59255981	14,03407097	2556,816895
47,69451141	14,06170177	2562,930664
47,79627991	14,1050148	2569,035889
47,89814758	14,16575432	2575,149902
48,00008774	14,21709824	2581,267822
48,10221863	14,24240303	2587,395264
48,20405197	14,2665596	2593,503174
48,30585098	14,30404568	2599,612793
48,40773392	14,34209347	2605,72583
48,50962067	14,38040829	2611,838623
48,61157227	14,41509151	2617,954834
48,71342087	14,455266	2624,066406
48,81527328	14,51831245	2630,178955
48,91712952	14,5686388	2636,289551
49,01895142	14,5915823	2642,396973
49,12068939	14,61920547	2648,503662
49,22241592	14,65427113	2654,605957
49,32437134	14,70226192	2660,724365
49,42631912	14,73658085	2666,839111
49,52817154	14,77216339	2672,952148
49,62998962	14,81094074	2679,061523
49,7320137	14,85318756	2685,181641
49,83377457	14,89405632	2691,290039
49,93569565	14,92929649	2697,403076
50,0376358	14,97367287	2703,519287
50,13959122	15,01141644	2709,637451
50,24152756	15,03916073	2715,753906
50,34341049	15,08804512	2721,865479
50,4451561	15,13362408	2727,967773
50,54701996	15,16840839	2734,084473
50,64873886	15,19374943	2740,186523
50,75073242	15,24254799	2746,305664
50,85253906	15,2898159	2752,412598
50,95439148	15,32076073	2758,524414
51,05630493	15,35741234	2764,640869
51,15822983	15,40701103	2770,754639
51,26016998	15,45382595	2776,871826
51,36207199	15,48794746	2782,98584
51,46388245	15,52608395	2789,0979
51,56583786	15,5672617	2795,213135
51,66769028	15,60001087	2801,324951
51,76968765	15,63314533	2807,445313
51,87168884	15,68045521	2813,563965
51,97369385	15,73953629	2819,686523
52,07563782	15,79145718	2825,800537
52,17767334	15,82762146	2831,923096
52,27961349	15,86840916	2838,041992
52,38153839	15,90564823	2844,155029
52,48355103	15,95198822	2850,273926
52,58551407	15,99293041	2856,392822
52,68733978	16,04556465	2862,501953
52,78922272	16,11638641	2868,613525
52,89125061	16,16148949	2874,738525
52,99324417	16,18893623	2880,856689
53,09514618	16,22086334	2886,973145
53,19702911	16,26414299	2893,08252
53,29882813	16,31946945	2899,192871
53,40084076	16,37085533	2905,311768
53,50265121	16,42414093	2911,419434
53,60452271	16,46594429	2917,533447
53,70646286	16,52121544	2923,650391
53,80839157	16,56775856	2929,763428
53,91040421	16,61599159	2935,885254
54,0123291	16,66558266	2942
54,11433029	16,70167923	2948,12207
54,21614456	16,73552322	2954,230469
54,31813812	16,7989006	2960,349609
54,42012024	16,84747887	2966,469727
54,52210236	16,8970871	2972,586182
54,62400818	16,96531105	2978,70459
54,72597885	17,02505112	2984,819336
54,82791138	17,05672836	2990,938232
54,92982864	17,0992527	2997,049805
55,0316658	17,16859627	3003,162842
55,13349533	17,22954559	3009,272461
55,23546219	17,27865982	3015,390625
55,33742905	17,32463455	3021,509277
55,43935776	17,38899422	3027,620605
55,54125214	17,44387054	3033,737793
55,6431427	17,48599052	3039,850098
55,74505615	17,54730415	3045,96582
55,84703064	17,61456108	3052,084473
55,94904709	17,67079926	3058,202881
56,05093384	17,72956276	3064,317627
56,15278625	17,78280449	3070,429688
56,25450516	17,84891701	3076,532471
56,35643387	17,90422249	3082,647217
56,45822144	17,9626503	3088,753174
56,56018448	18,0295105	3094,874023
56,66212845	18,09842682	3100,989746
56,76395416	18,16048431	3107,100098
56,86596298	18,21104813	3113,219238
56,96778107	18,28162193	3119,327637
57,06966782	18,36137199	3125,442871
57,17159653	18,41825294	3131,557373
57,27348328	18,48499298	3137,668945
57,37529755	18,5523777	3143,780762
57,47724533	18,61760712	3149,897461
57,57911301	18,67457581	3156,007813
57,68107224	18,73963547	3162,126953
57,78292465	18,81012344	3168,236328
57,88484573	18,88881302	3174,352783
57,98678589	18,97015381	3180,468506
58,08877945	19,03762245	3186,586914
58,19071579	19,11753082	3192,704346
58,2926445	19,20755196	3198,820313
58,3945961	19,28654671	3204,938965
58,49652481	19,36419678	3211,052002
58,59836197	19,45185852	3217,161865
58,70027924	19,53636551	3223,276855
58,80218506	19,61090469	3229,392578
58,90409088	19,70182419	3235,507324
59,00606537	19,80363846	3241,625488
59,10795593	19,89404488	3247,738525
59,20984268	19,989748	3253,852783
59,31175613	20,08568001	3259,968018
59,41366196	20,19322777	3266,080811
59,51563644	20,29966736	3272,201172
59,61766434	20,39724541	3278,32251
59,71952057	20,50486755	3284,434082
59,82131577	20,60109711	3290,54248
59,92320251	20,70342445	3296,655762
60,02497482	20,81189919	3302,76001
60,12690353	20,9007988	3308,876221
60,22879791	21,01929665	3314,990967
60,33070755	21,13381386	3321,10498
60,43257904	21,28826141	3327,218994
60,53445816	21,44854546	3333,330811
60,63642502	21,59374428	3339,44751
60,7383728	21,72149658	3345,565674
60,84020233	21,85300255	3351,675781
60,94213867	22,00449371	3357,790039
61,04399872	22,14972878	3363,901123
61,14585114	22,27182579	3370,010742
61,24769974	22,43900299	3376,123291
61,34960556	22,61812973	3382,237305
61,45157242	22,80792809	3388,35498
61,55341339	22,99390602	3394,4646
61,65525436	23,16586494	3400,576904
61,75721359	23,38310623	3406,694092
61,85912704	23,55499458	3412,811035
61,96117783	23,72721481	3418,933105
62,06309891	23,9323616	3425,050049
62,16501236	24,14782906	3431,1604
62,26696396	24,39036942	3437,28125
62,36883545	24,59880257	3443,390869
62,47076416	24,84836388	3449,506836
62,57266235	25,08599472	3455,619385
62,67450714	25,33619118	3461,731445
62,7763443	25,60779953	3467,841797
62,87824631	25,86159897	3473,957764
62,98004532	26,12877655	3480,062988
63,08202744	26,41968346	3486,182617
63,18395996	26,71012497	3492,301025
63,28586197	26,99239731	3498,413818
63,38768005	27,28192329	3504,522217
63,48960876	27,55352211	3510,638428
63,59135437	27,87752342	3516,740723
63,69313431	28,22099686	3522,849365
63,79502106	28,57875824	3528,963379
63,89680481	28,91747475	3535,068359
63,99866104	29,27809906	3541,182373
64,1004715	29,64468575	3547,290527
64,20223999	30,02822685	3553,395508
64,30400085	30,3977356	3559,501709
64,40589142	30,81567764	3565,614258
64,50777435	31,22200012	3571,728271
64,6097641	31,61451912	3577,847412
64,71167755	31,99518204	3583,964111
64,81364441	32,40026093	3590,082031
64,91562653	32,83558273	3596,200684
65,01768494	33,28544617	3602,321045
65,11962891	33,75650406	3608,442383
65,22164154	34,23410416	3614,560791
65,32346344	34,71438599	3620,67041
65,42536163	35,16688538	3626,783203
65,52728271	35,64327621	3632,901611
65,62931061	36,11108017	3639,023682
65,73130798	36,56238556	3645,140625
65,83327484	37,05725098	3651,257813
65,93508911	37,57697296	3657,369385
66,03704071	38,08677673	3663,486084
66,13897705	38,58559418	3669,600342
66,24098969	39,04465866	3675,722656
66,34296417	39,53814697	3681,843018
66,44486237	40,02449036	3687,95459
66,54679871	40,50004578	3694,070313
66,64873505	40,97835541	3700,188721
66,75071716	41,47330856	3706,306396
66,85264587	41,94560242	3712,419678
66,95450592	42,41810989	3718,536133
67,05657959	42,84005737	3724,658936
67,15852356	43,28277206	3730,773926
67,26042175	43,7229805	3736,892334
67,36232758	44,12549591	3743,002441
67,46425629	44,50723648	3749,119141
67,56615448	44,87562943	3755,233398
67,66804504	45,22189713	3761,344971
67,76983643	45,56688309	3767,454102
67,87188721	45,8684082	3773,576904
67,97381592	46,14736938	3779,691895
68,07570648	46,38204956	3785,807617
68,17766571	46,58786774	3791,925049
68,27951813	46,81557465	3798,036133
68,38144684	47,01497269	3804,14917
68,48343658	47,12380981	3810,272217
68,58522797	47,22323227	3816,377197
68,68713379	47,29763412	3822,493408
68,78903198	47,32570267	3828,60498
68,89093018	47,34461594	3834,722168
68,99286652	47,34267807	3840,837402
69,09483337	47,31238556	3846,951172
69,19671631	47,27432251	3853,067383
69,29859161	47,21147919	3859,177734
69,40041351	47,10549927	3865,288574
69,50228882	46,99895096	3871,402344
69,60419464	46,90936661	3877,516846
69,70615387	46,8165741	3883,633301
69,80797577	46,68654633	3889,74292
69,90996552	46,45724869	3895,86377
70,01190186	46,13939285	3901,977051
70,11379242	45,73485947	3908,091309
70,21556854	45,31385803	3914,197021
70,31748199	44,85266876	3920,3125
70,41940308	44,37055969	3926,429199
70,52141571	43,84635544	3932,550293
70,62330627	43,29330826	3938,664063
70,72515869	42,74507904	3944,774414
70,82704926	42,16113281	3950,885986
70,92895508	41,57770538	3957
71,0308609	41,00407791	3963,114014
71,13267517	40,41667557	3969,223633
71,23468781	39,83282089	3975,34375
71,33653259	39,21328354	3981,456787
71,43848419	38,62638855	3987,574219
71,54031372	38,02567291	3993,683838
71,64219666	37,40147781	3999,79541
71,744133	36,77891922	4005,910156
71,84593964	36,1926651	4012,019775
71,94785309	35,5850029	4018,135742
72,04959869	35,03256607	4024,239014
72,15142822	34,45033646	4030,353516
72,25330353	33,91222382	4036,460693
72,35527802	33,3752327	4042,583252
72,4571228	32,8340683	4048,693115
72,55899048	32,29976273	4054,804199
72,66094208	31,79434967	4060,918457
72,76296234	31,29142952	4067,041016
72,86473083	30,83405495	4073,146729
72,96658325	30,41928101	4079,259766
73,06855011	29,99861526	4085,377686
73,17046356	29,57239151	4091,495117
73,27238464	29,17828751	4097,605957
73,37419128	28,81418419	4103,716309
73,47605896	28,46055603	4109,827148
73,57804871	28,15267563	4115,949707
73,67997742	27,85839462	4122,062988
73,78189087	27,55100822	4128,177246
73,88374329	27,2431221	4134,288574
73,98576355	26,90932274	4140,409668
74,08763885	26,57912445	4146,520508
74,18952942	26,28530502	4152,634766
74,29150391	26,01431274	4158,755371
74,39325714	25,75297737	4164,859375
74,49516296	25,61798286	4170,975098
74,59680939	25,43262482	4177,070801
74,69882202	25,16332626	4183,195801
74,80072021	24,92785454	4189,305664
74,90255737	24,64170074	4195,416504
75,00448608	24,39359856	4201,532715
75,1062851	24,17932701	4207,642578
75,20816803	23,94275284	4213,75293
75,30997467	23,76548958	4219,862305
75,41187286	23,59290504	4225,976563
75,51387787	23,38910675	4232,09668
75,61553955	23,22535896	4238,195313
75,71746063	23,08456039	4244,311523
75,81944275	22,94410896	4250,429688
75,92129517	22,80689621	4256,539063
76,02323914	22,64157486	4262,657715
76,12510681	22,51626015	4268,768066
76,22702789	22,39432335	4274,885254
76,32907867	22,28202629	4281,008789
76,43093872	22,18590736	4287,119629
76,53299713	22,08958817	4293,242676
76,63495636	21,98346901	4299,359863
76,73693085	21,87766266	4305,47998
76,83882141	21,78062248	4311,592773
76,94068909	21,68736839	4317,70459
77,04257202	21,59734535	4323,817383
77,14441681	21,48522949	4329,929688
77,2463913	21,39190674	4336,04541
77,34823608	21,32405853	4342,157715
77,45011902	21,26339912	4348,268555
77,5519104	21,19715881	4354,375977
77,65378571	21,1481266	4360,488281
77,75561523	21,09789658	4366,600586
77,85740662	21,05428505	4372,708496
77,9593811	20,99561501	4378,826172
78,06121826	20,94085121	4384,938477
78,16320038	20,90019798	4391,054688
78,26499939	20,86032295	4397,162109
78,36689758	20,79835129	4403,277344
78,46874237	20,7586689	4409,390137
78,57064819	20,70813751	4415,503906
78,67261505	20,64972878	4421,620605
78,7745285	20,59244156	4427,734863
78,87644958	20,55203438	4433,850098
78,97838593	20,49652863	4439,968262
79,08036041	20,45273018	4446,086914
79,18236542	20,40709877	4452,206055
79,28436279	20,37693214	4458,325195
79,38628387	20,33180046	4464,44043
79,48825836	20,28602028	4470,561035
79,59031677	20,22346115	4476,685059
79,69217682	20,17718315	4482,796875
79,79421234	20,14653778	4488,916992
79,89614868	20,11974144	4495,033203
79,9981308	20,09456635	4501,152832
80,09997559	20,07367134	4507,263184
80,20185852	20,0352993	4513,37793
80,30375671	19,98576927	4519,490723
80,40559387	19,95145035	4525,601074
80,50756073	19,90436935	4531,719727
80,60946655	19,87262917	4537,831543
80,71140289	19,82356262	4543,947754
80,8132782	19,82193947	4550,05957
80,9151001	19,81414604	4556,168457
81,01685333	19,79592133	4562,276855
81,11870575	19,77194786	4568,38916
81,22063446	19,76682854	4574,500488
81,32254028	19,7595253	4580,615723
81,42437744	19,73845291	4586,726074
81,52623749	19,72711563	4592,840332
81,62806702	19,72374344	4598,94873
81,72988129	19,71516609	4605,059082
81,83188629	19,71040535	4611,174805
81,93365479	19,71153069	4617,283691
82,03546906	19,71467972	4623,393555
82,13734436	19,70981598	4629,504883
82,23934174	19,70429611	4635,624512
82,34117126	19,69675636	4641,734863
82,44306946	19,69184685	4647,849121
82,54496002	19,68226051	4653,961426
82,64681244	19,66889572	4660,072754
82,7488327	19,65364838	4666,196289
82,8507309	19,61935806	4672,307617
82,95262909	19,59424782	4678,423828
83,05450439	19,57930374	4684,536621
83,15630341	19,55686378	4690,64502
83,25811768	19,52876282	4696,753418
83,35993195	19,5046978	4702,861328
83,46202087	19,50316048	4708,987305
83,56388092	19,51950645	4715,101074
83,66570282	19,53205299	4721,209961
83,76747894	19,53659821	4727,314453
83,86930847	19,5354805	4733,426758
83,97128296	19,54003334	4739,546387
84,07312775	19,54675293	4745,658203
84,1750412	19,55257988	4751,772461
84,27700806	19,55672455	4757,891113
84,37888336	19,55993652	4764,004395
84,48079681	19,56488228	4770,117676
84,5825882	19,56822968	4776,225586
84,68442535	19,57136917	4782,335938
84,78643036	19,57444954	4788,456055
84,88824463	19,57668114	4794,566895
84,99017334	19,57928085	4800,682129
85,09212494	19,58148766	4806,798828
85,19392395	19,58453178	4812,907227
85,29599762	19,5886898	4819,029297
85,39787292	19,59827805	4825,142578
85,49976349	19,60959625	4831,256836
85,60168457	19,61650658	4837,373535
85,70353699	19,61871147	4843,485352
85,80550385	19,61949158	4849,599609
85,90742493	19,61703682	4855,718262
86,00930786	19,62003326	4861,830078
86,11125183	19,61803246	4867,946777
86,21320343	19,61330605	4874,06543
86,31509399	19,61122704	4880,178223
86,41702271	19,61121368	4886,293945
86,51885223	19,61780357	4892,400879
86,62082672	19,63436317	4898,522461
86,72273254	19,64829445	4904,635742
86,8245697	19,65242386	4910,745117
86,92667389	19,65143967	4916,870605
87,02866364	19,65988731	4922,993164
87,13049316	19,66703606	4929,100098
87,23236847	19,67013359	4935,21582
87,33425903	19,67459106	4941,328613
87,43616486	19,67092896	4947,441895
87,53799438	19,66929817	4953,55127
87,63991547	19,67494774	4959,66748
87,74187469	19,68261337	4965,783691
87,84384918	19,6994648	4971,902832
87,94568634	19,7215271	4978,015137
88,04756927	19,73518944	4984,125488
88,14939117	19,73543167	4990,234863
88,25125122	19,73791313	4996,348145
88,353302	19,73360062	5002,470215
88,45521545	19,730793	5008,583008
88,55711365	19,72742844	5014,697754
88,65908051	19,72790718	5020,817871
88,76101685	19,74225807	5026,933105
88,86286926	19,74752808	5033,043457
88,96479034	19,74622726	5039,157715
89,06669617	19,74499512	5045,276367
89,16854858	19,74261475	5051,387695
89,27050781	19,74357414	5057,500977
89,37250519	19,74511909	5063,624023
89,47451019	19,74355316	5069,743164
89,57643127	19,74305725	5075,860352
89,67842102	19,74578285	5081,976074
89,78035736	19,74906731	5088,096191
89,88235474	19,75270462	5094,213867
89,98423004	19,75061798	5100,330078
90,08621979	19,7469883	5106,444336
90,18811035	19,74909973	5112,559082
90,28996277	19,74733925	5118,669434
90,39183044	19,74512482	5124,778809
90,49363708	19,74096489	5130,889648
90,59570313	19,74004555	5137,012695
90,69766235	19,73972702	5143,130859
90,79961395	19,73688126	5149,248535
90,90166473	19,73799896	5155,373535
91,00360107	19,73958969	5161,487793
91,10562134	19,74292755	5167,609863
91,20759583	19,7431488	5173,727051
91,30954742	19,74525261	5179,843262
91,41134644	19,74588585	5185,95459
91,51308441	19,74707794	5192,055176
91,61494446	19,74660683	5198,167969
91,71698761	19,74905586	5204,291992
91,81889343	19,75302124	5210,406738
91,92089081	19,75574875	5216,524414
92,02282715	19,75592804	5222,641113
92,12479401	19,75122261	5228,760254
92,22668457	19,74876785	5234,871094
92,32862854	19,7477684	5240,990723
92,43048859	19,74670792	5247,100586
92,53237915	19,74624062	5253,214844
92,6342926	19,74674988	5259,328125
92,73605347	19,74663544	5265,435059
92,8377533	19,74615097	5271,536133
92,93961334	19,74567604	5277,647461
93,04138947	19,74342918	5283,753418
93,14332581	19,74027061	5289,867676
93,24508667	19,73936653	5295,973633
93,3470993	19,74059105	5302,096191
93,44898224	19,74147415	5308,207031
93,55069733	19,73883629	5314,311523
93,6525116	19,73244858	5320,422852
93,75450134	19,73029327	5326,541016
93,85629272	19,7267704	5332,645508
93,95809174	19,72444153	5338,754883
94,0599823	19,72533417	5344,866211
94,16181946	19,72627258	5350,977539
94,26377869	19,72504234	5357,097656
94,36562347	19,72568893	5363,207031
94,46759033	19,7270813	5369,326172
94,56941986	19,7253437	5375,437012
94,67140198	19,71855164	5381,556641
94,77324677	19,71219254	5387,663574
94,87524414	19,70642853	5393,786133
94,97714996	19,70088196	5399,900391
95,07909393	19,69643593	5406,015625
95,18101501	19,6886673	5412,131348
95,28301239	19,67911148	5418,251465
95,38493347	19,6609993	5424,368164
95,48679352	19,64055824	5430,479492
95,58877563	19,62219429	5436,597656
95,69077301	19,61910057	5442,715332
95,79269409	19,6108284	5448,833496
95,89463806	19,59445381	5454,948242
95,99668121	19,57697296	5461,071289
96,09859467	19,55698204	5467,1875
96,20043945	19,54566956	5473,297852
96,30241394	19,52200317	5479,416504
96,40435028	19,50331688	5485,53125
96,50621796	19,49196053	5491,64502
96,60803986	19,4682312	5497,753418
96,70981598	19,45506668	5503,857422
96,81169128	19,44996643	5509,973633
96,91352081	19,45182991	5516,083008
97,01539612	19,45626831	5522,194824
97,11728668	19,46390152	5528,309082
97,21912384	19,46622276	5534,42041
97,32110596	19,46392441	5540,537109
97,4230957	19,45399094	5546,658691
97,5250473	19,4453907	5552,774414
97,62692261	19,43668175	5558,887207
97,72882843	19,42448425	5565,003418
97,83072662	19,41985703	5571,115234
97,93273163	19,42098427	5577,234375
98,03472137	19,41988564	5583,353516
98,1366806	19,41089439	5589,472656
98,23872375	19,40038872	5595,595703
98,34049225	19,38305283	5601,699707
98,44239044	19,37450027	5607,815918
98,5442276	19,35451508	5613,922852
98,64609528	19,32934952	5620,036133
98,74798584	19,31705666	5626,153809
98,84985352	19,30946732	5632,26709
98,95182037	19,30438042	5638,379883
99,05365753	19,29894066	5644,490234
99,15557098	19,29827309	5650,607422
99,25744629	19,29841423	5656,720215
99,35934448	19,30218697	5662,831543
99,46127319	19,30369759	5668,948242
99,56307983	19,29852104	5675,057617
99,66507721	19,28577614	5681,178711
99,76694489	19,27635193	5687,289063
99,86877441	19,2443943	5693,397949
99,97068787	19,21533966	5699,51416
