scan 1020/11/202208:56:57		
temp(C)	power	time(seconds)
99,86538696	-568,8509521	7,130675316
99,7590332	-532,7513428	13,23818874
99,65744781	-423,1162109	19,35312653
99,556427	-342,2314758	25,46572113
99,45557404	-278,083252	31,57651329
99,35473633	-220,9704742	37,68809128
99,25400543	-169,5137939	43,80180359
99,15325165	-124,4493332	49,91213608
99,05257416	-86,41873169	56,01895523
98,95185089	-55,34584045	62,12858963
98,85102081	-30,5950489	68,2410202
98,7504425	-11,46085072	74,33738708
98,64958954	3,090454817	80,45339203
98,54868317	13,8713789	86,56855011
98,44789886	21,59477997	92,67694855
98,34705353	26,99601936	98,78388977
98,24608612	30,58141327	104,8969269
98,14503479	32,79909134	111,0170593
98,04401398	33,96535492	117,1300735
97,94298553	34,37288666	123,2411804
97,8418808	34,23935699	129,3575897
97,74082184	33,71689987	135,4672699
97,63978577	32,95943451	141,5747375
97,53852844	32,00098419	147,6962738
97,43742371	30,86696053	153,8035126
97,33617401	29,62572098	159,9209595
97,2350235	28,34910202	166,0326691
97,13375092	27,01397896	172,1456451
97,03253937	25,75629234	178,2567902
96,93125153	24,50574493	184,3718872
96,82993317	23,3572979	190,485199
96,7286377	22,27423286	196,5980225
96,62722015	21,28013611	202,7126007
96,52583313	20,38988686	208,8297577
96,42443085	19,62555504	214,9437714
96,32301331	19,03762627	221,0588684
96,22168732	18,45570946	227,1684113
96,12028503	17,78561974	233,2788086
96,01882935	17,06479836	239,3948364
95,91732788	16,28901672	245,5121002
95,81584167	15,49472904	251,6243439
95,7143631	14,71795368	257,7384644
95,61281586	13,99763966	263,8562622
95,51130676	13,32430649	269,9686584
95,40975952	12,63441753	276,081604
95,30817413	11,99059391	282,2024536
95,20652771	11,37345219	288,3182068
95,10493469	10,77898026	294,4345703
95,00348663	10,20211601	300,5412598
94,90195465	9,682327271	306,6532288
94,80030823	9,187413216	312,7705383
94,69867706	8,670174599	318,8844604
94,59697723	8,226269722	325,0052795
94,4954834	7,806227207	331,1109924
94,39382935	7,390041351	337,2273254
94,29224396	6,995852947	343,3384094
94,19060516	6,5984025	349,4499817
94,08889008	6,232464314	355,5666809
93,98719025	5,862531662	361,6818542
93,88547516	5,497871399	367,7997437
93,78371429	5,134054184	373,9184265
93,68201447	4,813952446	380,0315857
93,58030701	4,547772884	386,1456604
93,47857666	4,296692371	392,2622375
93,37688446	4,030265808	398,378418
93,2751236	3,753448725	404,493042
93,17337799	3,477502823	410,6084595
93,07161713	3,229115963	416,7246704
92,9697876	2,984042645	422,8427124
92,86804199	2,752206326	428,9606628
92,76631927	2,561625719	435,0722046
92,6645813	2,362512112	441,1863098
92,56285095	2,151334524	447,2983398
92,46108246	1,944159031	453,4100342
92,35935974	1,751344204	459,5240173
92,25753784	1,5473032	465,6398621
92,15575409	1,345922232	471,7592468
92,05394745	1,195078373	477,8737793
91,95219421	1,029387593	483,9834595
91,85053253	0,87447679	490,0902405
91,74862671	0,69397074	496,215271
91,64678955	0,549723446	502,3297119
91,54490662	0,379050612	508,4483643
91,44327545	0,235290065	514,5523071
91,34143829	0,081249654	520,6673584
91,23956299	-0,040459827	526,7855835
91,13778687	-0,175196812	532,8977661
91,03593445	-0,298934639	539,0122681
90,93422699	-0,413171858	545,121521
90,83247375	-0,522316635	551,2335205
90,73056793	-0,640595257	557,352478
90,6287384	-0,764754057	563,4655151
90,52703857	-0,881455004	569,5730591
90,42514801	-0,976116359	575,6902466
90,32332611	-1,08401382	581,8079224
90,22148895	-1,198357701	587,9187622
90,11956787	-1,297464848	594,0385132
90,01768494	-1,416851163	600,1546021
89,91582489	-1,54987669	606,2683105
89,8138504	-1,668859601	612,3904419
89,71202087	-1,759282947	618,5041504
89,61025238	-1,839602351	624,614563
89,50831604	-1,936591148	630,7352905
89,40654755	-2,022900343	636,843689
89,30474854	-2,11045289	642,9541016
89,20291901	-2,202197075	649,0686646
89,1009903	-2,295040846	655,184082
88,99909973	-2,377634764	661,3043823
88,89715576	-2,465078115	667,4207153
88,79531097	-2,557319164	673,5357056
88,69338226	-2,630840778	679,6518555
88,59148407	-2,683370113	685,769043
88,48959351	-2,760826349	691,8864136
88,38768005	-2,846949577	698,003479
88,28574371	-2,926605463	704,1209717
88,18380737	-2,995040178	710,2388306
88,08188629	-3,069682598	716,3596191
87,98005676	-3,137952328	722,4700928
87,87804413	-3,203692436	728,5921021
87,77616119	-3,28380847	734,706604
87,6743927	-3,355762959	740,8134155
87,57250977	-3,440598965	746,9284668
87,47045898	-3,52872467	753,0541992
87,3686676	-3,59810853	759,163208
87,26676178	-3,668112755	765,2797241
87,16479492	-3,714649916	771,3997803
87,06288147	-3,781416416	777,5127563
86,96108246	-3,849400997	783,6223755
86,85923004	-3,951429367	789,7350464
86,75728607	-4,027835846	795,8549194
86,65557098	-4,097136974	801,9586182
86,55381775	-4,150385857	808,0645752
86,45185852	-4,208872318	814,1859741
86,35007477	-4,26469183	820,2903442
86,24828339	-4,333333969	826,3988037
86,14642334	-4,408939362	832,5115356
86,04465485	-4,488083839	838,6194458
85,94277191	-4,557514668	844,7355347
85,84085083	-4,611209869	850,850769
85,73893738	-4,645223141	856,9673462
85,63700867	-4,698544025	863,0824585
85,53510284	-4,755473137	869,1981812
85,4332962	-4,822879314	875,3062134
85,33133698	-4,887578487	881,4252319
85,22949219	-4,946923733	887,5383911
85,12756348	-5,010533333	893,6506348
85,02563477	-5,067300797	899,7714844
84,92376709	-5,130635262	905,8822632
84,82183838	-5,202124596	911,9997559
84,71994781	-5,258753777	918,1138306
84,61811066	-5,303603172	924,2244263
84,51618958	-5,378835678	930,3397217
84,41436005	-5,44680357	936,4516602
84,31243134	-5,506242752	942,565918
84,21047211	-5,563563347	948,6834106
84,10864258	-5,638207912	954,7963257
84,00669098	-5,703950405	960,9130859
83,90473938	-5,759773731	967,0296631
83,80281067	-5,825293541	973,1466675
83,70095062	-5,91789341	979,2562866
83,59920502	-5,995427132	985,3639526
83,49733734	-6,048010349	991,4770508
83,3953476	-6,103557587	997,5970459
83,2935791	-6,148137093	1003,70282
83,19171143	-6,178803921	1009,814636
83,08974457	-6,200199127	1015,932861
82,98781586	-6,247628689	1022,051208
82,8859787	-6,290904999	1028,159668
82,78408813	-6,340683937	1034,273682
82,68240356	-6,393131733	1040,373047
82,58054352	-6,45223093	1046,485596
82,4786377	-6,504472256	1052,603271
82,37679291	-6,535322666	1058,714966
82,27482605	-6,57938385	1064,828735
82,17285156	-6,635018826	1070,951538
82,07099152	-6,701192856	1077,062866
81,96902466	-6,743832111	1083,180298
81,8670578	-6,807223797	1089,299316
81,76512146	-6,856161118	1095,415771
81,66311646	-6,901660442	1101,534424
81,56119537	-6,93275547	1107,648315
81,45929718	-6,98380661	1113,765259
81,35733795	-7,048549652	1119,88269
81,25541687	-7,097723484	1125,998535
81,15341949	-7,162785053	1132,118652
81,0515976	-7,231245518	1138,228394
80,94963837	-7,316016197	1144,346924
80,8476181	-7,42172718	1150,465576
80,74575043	-7,511579037	1156,578003
80,64375305	-7,579175472	1162,69873
80,54177856	-7,628592014	1168,817871
80,439888	-7,686834335	1174,930664
80,33802795	-7,714169502	1181,04248
80,23608398	-7,74243021	1187,160034
80,1341629	-7,778280735	1193,275757
80,0322113	-7,830765247	1199,393188
79,9303894	-7,892615318	1205,500244
79,82863617	-7,974194527	1211,608765
79,7268219	-8,03759861	1217,715942
79,62483978	-8,103770256	1223,835938
79,522995	-8,185678482	1229,944946
79,42102814	-8,281730652	1236,065308
79,31912994	-8,366463661	1242,177368
79,2171402	-8,452625275	1248,296143
79,11521912	-8,554672241	1254,414063
79,01324463	-8,60868454	1260,531616
78,9112854	-8,647836685	1266,648193
78,8092804	-8,678620338	1272,768433
78,70735168	-8,715681076	1278,884766
78,60536194	-8,76745224	1285,005127
78,50356293	-8,817215919	1291,111816
78,40162659	-8,862422943	1297,227539
78,29975891	-8,960263252	1303,341309
78,19775391	-9,08381176	1309,459717
78,09577942	-9,177131653	1315,581665
77,99388885	-9,212718964	1321,693481
77,89202118	-9,240062714	1327,805054
77,7901535	-9,295031548	1333,918457
77,68823242	-9,35614872	1340,032959
77,58626556	-9,431313515	1346,150024
77,48432159	-9,525026321	1352,266968
77,38249969	-9,627969742	1358,377563
77,28057861	-9,737674713	1364,492798
77,17879486	-9,866415977	1370,598755
77,07686615	-9,975323677	1376,714844
76,97489166	-10,07208538	1382,835327
76,87290955	-10,16438866	1388,952881
76,7710495	-10,29399586	1395,063721
76,66934204	-10,44140911	1401,168701
76,5674057	-10,57856178	1407,284058
76,46542358	-10,69957447	1413,401611
76,3635788	-10,85866451	1419,515625
76,26163483	-11,01511955	1425,630005
76,1598053	-11,1782217	1431,739624
76,05792236	-11,32676506	1437,850586
75,95600128	-11,49141312	1443,964355
75,85407257	-11,66652012	1450,084595
75,75208282	-11,84467983	1456,202271
75,65010071	-12,04102612	1462,320557
75,54815674	-12,24575329	1468,438843
75,44618225	-12,45853901	1474,557861
75,34429932	-12,65281582	1480,670288
75,2424469	-12,87050343	1486,780396
75,14060211	-13,1169939	1492,890015
75,03857422	-13,3438797	1499,015015
74,93673706	-13,60292816	1505,123291
74,8347702	-13,8661623	1511,241699
74,73280334	-14,14916897	1517,359009
74,63088989	-14,43554592	1523,4729
74,52906036	-14,72116852	1529,583374
74,42709351	-15,033288	1535,704102
74,32517242	-15,36594772	1541,817261
74,22335052	-15,69207382	1547,927002
74,1214447	-16,03041077	1554,039185
74,01966858	-16,36388969	1560,146851
73,91789246	-16,72538567	1566,253662
73,81612396	-17,08739853	1572,358521
73,71445465	-17,46137047	1578,459961
73,61258698	-17,87492561	1584,572144
73,51057434	-18,31184578	1590,694824
73,40860748	-18,7349987	1596,811768
73,30660248	-19,1860981	1602,931641
73,20469666	-19,67046165	1609,045288
73,10274506	-20,13769722	1615,162476
73,00090027	-20,58400917	1621,274048
72,89904022	-21,05234528	1627,383667
72,79720306	-21,57050133	1633,495483
72,69535828	-22,10765457	1639,603638
72,59358978	-22,66007423	1645,712036
72,49164581	-23,17649078	1651,82959
72,38976288	-23,73196602	1657,94043
72,28778076	-24,27575874	1664,062622
72,18598175	-24,79576683	1670,171021
72,08401489	-25,32176208	1676,286011
71,98196411	-25,87524986	1682,411865
71,88011169	-26,47039604	1688,522095
71,77828979	-27,0691185	1694,628906
71,67639923	-27,71133041	1700,743286
71,57446289	-28,33032227	1706,859741
71,47245789	-28,8949337	1712,97998
71,37057495	-29,42623138	1719,093018
71,26882935	-30,00906944	1725,195435
71,16694641	-30,57192993	1731,310181
71,06501007	-31,10223961	1737,427002
70,96308899	-31,6225338	1743,541382
70,86123657	-32,16363907	1749,654541
70,75923157	-32,68719482	1755,773193
70,65740967	-33,16137695	1761,880493
70,55558777	-33,68509674	1767,990967
70,45363617	-34,16226959	1774,110352
70,35183716	-34,60112	1780,216675
70,24996948	-35,00505447	1786,330444
70,14791107	-35,39326096	1792,454712
70,0459671	-35,77157211	1798,568237
69,94417572	-36,11101151	1804,677856
69,84218597	-36,409832	1810,795044
69,74025726	-36,63886261	1816,913208
69,63834381	-36,87395477	1823,026123
69,53639984	-37,08000183	1829,144531
69,4345932	-37,2605629	1835,249512
69,33266449	-37,40914917	1841,366943
69,23077393	-37,53400421	1847,480713
69,12882996	-37,60319519	1853,595337
69,0269928	-37,65825653	1859,706177
68,92507172	-37,67445755	1865,823486
68,82312012	-37,67510986	1871,937866
68,72105408	-37,6228447	1878,063477
68,61911774	-37,53489304	1884,180664
68,51713562	-37,44544983	1890,299561
68,41510773	-37,34506226	1896,418335
68,31325531	-37,24211884	1902,532837
68,21135712	-37,15120697	1908,645508
68,10932159	-37,07942963	1914,767944
68,00739288	-36,98011017	1920,884277
67,90536499	-36,79977036	1927,005859
67,8034668	-36,53863144	1933,119629
67,70157623	-36,2414856	1939,231323
67,59978485	-35,90096283	1945,34082
67,49790955	-35,50626755	1951,453003
67,39596558	-35,11494446	1957,570801
67,29401398	-34,72013855	1963,687378
67,19197845	-34,27584457	1969,808594
67,090065	-33,83434296	1975,923706
66,98827362	-33,36287308	1982,031494
66,88639832	-32,89210129	1988,143066
66,78450012	-32,40694046	1994,25708
66,68256378	-31,90661621	2000,372437
66,58067322	-31,45875359	2006,488647
66,47866058	-31,00998878	2012,609009
66,37677002	-30,52845764	2018,723145
66,27497101	-30,03213692	2024,831421
66,17312622	-29,54120445	2030,939819
66,07122803	-29,03590202	2037,05481
65,96929169	-28,56348419	2043,170654
65,86734009	-28,04875565	2049,289307
65,76537323	-27,58609962	2055,403076
65,66343689	-27,1305542	2061,520264
65,56164551	-26,64105034	2067,629639
65,45974731	-26,15567398	2073,745117
65,35778809	-25,69930077	2079,86377
65,25585175	-25,23933029	2085,978027
65,15393066	-24,79643631	2092,092285
65,05194092	-24,35524178	2098,211426
64,9500351	-23,93912125	2104,324219
64,84817505	-23,50803375	2110,437012
64,74625397	-23,05452156	2116,552734
64,64431763	-22,61681175	2122,667969
64,54242706	-22,20378113	2128,780762
64,44050598	-21,81633377	2134,896973
64,33854675	-21,41212654	2141,015137
64,23666382	-20,99727821	2147,124756
64,13472748	-20,62792587	2153,244873
64,03275299	-20,21266747	2159,362549
63,93082809	-19,83901405	2165,479492
63,82899475	-19,47389412	2171,5896
63,72711563	-19,11528778	2177,701904
63,62511444	-18,76010513	2183,822754
63,5230751	-18,38387871	2189,944092
63,42124939	-18,05006981	2196,05127
63,31932068	-17,70108414	2202,168945
63,21743774	-17,37888718	2208,280273
63,11555862	-17,03772545	2214,393555
63,0136261	-16,68601608	2220,510498
62,91169357	-16,36553001	2226,625488
62,80980301	-16,04078865	2232,739258
62,70788574	-15,7375927	2238,854004
62,60599518	-15,48047256	2244,967041
62,50418091	-15,2076931	2251,076416
62,40229034	-14,93327427	2257,189209
62,3004837	-14,63577843	2263,297607
62,19858551	-14,35810757	2269,414551
62,09663391	-14,12427139	2275,531006
61,99475861	-13,89783669	2281,641357
61,8928299	-13,66643238	2287,759033
61,79088974	-13,4531908	2293,873779
61,68888474	-13,23423862	2299,994629
61,58702087	-13,02796841	2306,106201
61,48522568	-12,85128784	2312,2146
61,383461	-12,66836929	2318,317139
61,28149033	-12,47796345	2324,437256
61,17967224	-12,30148792	2330,54834
61,07781219	-12,16670227	2336,657959
60,97605133	-12,02887344	2342,765381
60,87397385	-11,89089966	2348,885498
60,77218628	-11,74717045	2354,996094
60,67029572	-11,61649323	2361,110352
60,56838226	-11,47793007	2367,224121
60,46644592	-11,34403038	2373,339844
60,36450195	-11,23288918	2379,45874
60,26272202	-11,14759064	2385,565674
60,16067886	-11,03038502	2391,6875
60,05884171	-10,92489719	2397,797852
59,95692444	-10,83767319	2403,913086
59,8548584	-10,74626732	2410,037598
59,75310516	-10,66141605	2416,139404
59,65106201	-10,5851717	2422,263428
59,54912567	-10,51474285	2428,380615
59,44729233	-10,44639683	2434,491455
59,34532928	-10,38035583	2440,609131
59,24347305	-10,31344986	2446,71875
59,14165497	-10,25089645	2452,829102
59,03977966	-10,18855667	2458,939453
58,93791199	-10,15194416	2465,051758
58,83602524	-10,09131145	2471,166748
58,73410797	-10,04167843	2477,282227
58,6321106	-9,99036026	2483,401123
58,53030014	-9,940670967	2489,508301
58,42840195	-9,882598877	2495,623535
58,32656479	-9,828058243	2501,734131
58,22458649	-9,79228878	2507,852539
58,12252808	-9,754749298	2513,976563
58,02074051	-9,738229752	2520,081299
57,91894531	-9,714392662	2526,190674
57,81695175	-9,688631058	2532,310059
57,71496201	-9,673694611	2538,430908
57,61318588	-9,659008026	2544,536865
57,51124573	-9,639019966	2550,654785
57,40928268	-9,61992836	2556,77002
57,3072319	-9,608669281	2562,893311
57,20529938	-9,603417397	2569,009033
57,10329437	-9,598027229	2575,12915
57,00135803	-9,585783958	2581,24707
56,89921951	-9,564411163	2587,376953
56,79719925	-9,548998833	2593,496826
56,69526291	-9,532942772	2599,611816
56,59335327	-9,513566971	2605,727295
56,49142456	-9,484490395	2611,84375
56,38951492	-9,457386017	2617,955811
56,28759766	-9,429620743	2624,072021
56,18574905	-9,39759922	2630,18335
56,08389664	-9,360607147	2636,294189
55,98195648	-9,32640934	2642,411377
55,87995911	-9,294298172	2648,530762
55,7781868	-9,252973557	2654,636963
55,67635727	-9,218159676	2660,744141
55,57446671	-9,185168266	2666,861084
55,47245026	-9,158391953	2672,980713
55,37059402	-9,120988846	2679,092773
55,26868057	-9,078437805	2685,208008
55,16674042	-9,036725998	2691,32251
55,06494522	-8,999585152	2697,431641
54,96298599	-8,956707001	2703,547119
54,86103058	-8,907543182	2709,665283
54,75911713	-8,877575874	2715,781738
54,65714645	-8,831430435	2721,899902
54,55519867	-8,786101341	2728,01709
54,45327759	-8,74042511	2734,132813
54,35134125	-8,692832947	2740,247314
54,24934006	-8,64953804	2746,368896
54,14747238	-8,60387516	2752,478271
54,045578	-8,56323719	2758,59375
53,94372177	-8,522571564	2764,704834
53,84189606	-8,484536171	2770,813721
53,74007416	-8,450481415	2776,92334
53,63812256	-8,413722992	2783,040771
53,53602982	-8,371443748	2789,166992
53,43406677	-8,327409744	2795,284912
53,33214188	-8,291869164	2801,397217
53,23019028	-8,255653381	2807,518066
53,1283493	-8,236520767	2813,628418
53,02630997	-8,19732666	2819,750977
52,92448044	-8,154872894	2825,861328
52,82261658	-8,120031357	2831,972168
52,7206955	-8,082674026	2838,088379
52,61867905	-8,036216736	2844,20874
52,51676559	-7,997532368	2850,324951
52,41479111	-7,962152004	2856,443115
52,31293106	-7,938830853	2862,553955
52,21098328	-7,884523869	2868,671143
52,1090126	-7,829975128	2874,789307
52,00709915	-7,806982994	2880,90332
51,90501404	-7,785055637	2887,030518
51,80295944	-7,749089241	2893,1521
51,70094681	-7,70927763	2899,271973
51,59896469	-7,677607536	2905,389648
51,49690628	-7,641186714	2911,514648
51,39500427	-7,607984066	2917,628662
51,29305267	-7,568663597	2923,74585
51,19118118	-7,525059223	2929,856201
51,08917999	-7,478095531	2935,979736
50,98735428	-7,461313248	2942,08667
50,88544846	-7,435216427	2948,200439
50,78351974	-7,402629852	2954,314941
50,68170166	-7,357619286	2960,427002
50,57976532	-7,318729401	2966,541992
50,4778595	-7,287922382	2972,656982
50,37591934	-7,250279427	2978,77417
50,27397156	-7,21073103	2984,891602
50,17208862	-7,174479961	2991,002441
50,07016754	-7,152836323	2997,11792
49,96850586	-7,132462025	3003,217773
49,86661911	-7,102103233	3009,332275
49,76470566	-7,071631432	3015,44458
49,66274643	-7,047753811	3021,565186
49,56071472	-7,018145084	3027,686523
49,45878983	-6,97752142	3033,802002
49,35689545	-6,946537018	3039,915527
49,25486374	-6,912275314	3046,037109
49,15296555	-6,882049084	3052,151611
49,05103302	-6,841905117	3058,268066
48,94916916	-6,812881947	3064,377686
48,84711075	-6,782883167	3070,500488
48,74520874	-6,757383347	3076,616455
48,64331818	-6,73381567	3082,729248
48,54135513	-6,710151672	3088,845947
48,43954849	-6,690363407	3094,956787
48,33764648	-6,66984272	3101,067383
48,23571014	-6,645405769	3107,1875
48,13380432	-6,617763519	3113,297852
48,0320282	-6,588424206	3119,40625
47,93018341	-6,566976547	3125,517822
47,82836533	-6,543233395	3131,625
47,72644043	-6,528872013	3137,741211
47,62458801	-6,500885487	3143,85376
47,52253723	-6,468039036	3149,97583
47,42062759	-6,441812992	3156,0896
47,31880188	-6,417068005	3162,198486
47,21682739	-6,402812958	3168,320801
47,11488342	-6,374376774	3174,435059
47,01290131	-6,355476856	3180,552979
46,91101456	-6,340310097	3186,666992
46,80913925	-6,318015575	3192,780518
46,70716858	-6,288791656	3198,897705
46,60526276	-6,26424551	3205,013184
46,50328064	-6,248157024	3211,13208
46,40132523	-6,229521275	3217,247314
46,29935837	-6,201771259	3223,367432
46,19742966	-6,180252075	3229,482666
46,09547424	-6,153263092	3235,598877
45,99352646	-6,127158165	3241,717285
45,89152908	-6,102767467	3247,836914
45,78964996	-6,08577919	3253,950195
45,68767166	-6,066535473	3260,067871
45,58566666	-6,036260605	3266,187988
45,48374176	-6,023993969	3272,303223
45,38191605	-6,009162426	3278,415283
45,27997589	-5,990434647	3284,530518
45,17808533	-5,962897301	3290,643799
45,07618332	-5,939854622	3296,757813
44,97429276	-5,908216	3302,869385
44,87251663	-5,881631851	3308,978027
44,77049255	-5,861338615	3315,097412
44,66856384	-5,844089031	3321,213379
44,56662369	-5,822354794	3327,332031
44,46458054	-5,802519321	3333,456787
44,36259842	-5,776012421	3339,57251
44,26058578	-5,759110928	3345,691406
44,15882874	-5,736045837	3351,800537
44,05686569	-5,709431648	3357,914795
43,95500183	-5,682957649	3364,0271
43,85309219	-5,663118362	3370,143311
43,75122452	-5,639818192	3376,253906
43,64918518	-5,614768028	3382,376465
43,54731369	-5,588993549	3388,490479
43,44540787	-5,571503639	3394,605713
43,34344482	-5,558742046	3400,720459
43,241539	-5,537693977	3406,833252
43,13973999	-5,516209602	3412,942627
43,03780365	-5,496477127	3419,0625
42,93580627	-5,469625473	3425,179199
42,83388901	-5,43317461	3431,294434
42,73201752	-5,401187897	3437,410156
42,63002777	-5,37234354	3443,527832
42,5281868	-5,343292236	3449,638428
42,42629623	-5,32099247	3455,749023
42,32447815	-5,311452866	3461,858398
42,22277832	-5,300145626	3467,965576
42,12081146	-5,280416489	3474,080811
42,01881409	-5,254688263	3480,199951
41,91693878	-5,225564957	3486,311523
41,8151741	-5,192018032	3492,416992
41,7132988	-5,157385826	3498,530518
41,61141205	-5,132335663	3504,644775
41,50947571	-5,11900568	3510,760986
41,40753555	-5,102966785	3516,875
41,30567551	-5,068566799	3522,988525
41,20370483	-5,036455631	3529,108887
41,10178757	-5,010297775	3535,221924
40,99990845	-4,982207298	3541,333252
40,89788437	-4,953841686	3547,456299
40,79602814	-4,927969456	3553,568848
40,69398499	-4,908844948	3559,69165
40,59204483	-4,891070366	3565,807861
40,4900856	-4,859816074	3571,923096
40,38822556	-4,814843655	3578,039307
40,28627777	-4,780322075	3584,152588
40,18425369	-4,757935047	3590,275879
40,08226395	-4,737371922	3596,393066
39,98036194	-4,723828793	3602,510498
39,87835312	-4,717808723	3608,627441
39,77653122	-4,695562363	3614,736572
39,67464447	-4,65574789	3620,85083
39,57273483	-4,63605547	3626,967773
39,47078705	-4,603776932	3633,082764
39,3689537	-4,564385414	3639,192139
39,2670517	-4,537422657	3645,30542
39,16518784	-4,520789623	3651,420654
39,06332397	-4,492886543	3657,533203
38,96129608	-4,464522362	3663,654053
38,85947037	-4,429415703	3669,761963
38,75754547	-4,401497841	3675,879395
38,65562439	-4,366731644	3681,993164
38,55361557	-4,330926418	3688,111572
38,45182037	-4,312114239	3694,222412
38,34993744	-4,302186012	3700,333984
38,24798584	-4,290102959	3706,451904
38,14613724	-4,251494884	3712,5625
38,04432678	-4,197124958	3718,669678
37,94242477	-4,155381203	3724,784912
37,84054184	-4,135577679	3730,897705
37,73871994	-4,10362196	3737,004883
37,63686752	-4,075884342	3743,118896
37,53494263	-4,052670002	3749,233154
37,43307877	-4,023993969	3755,345459
37,33121109	-3,987734079	3761,456055
37,22926331	-3,950973988	3767,574707
37,12732315	-3,91633153	3773,689697
37,02545929	-3,88286829	3779,800781
36,92355347	-3,863218784	3785,914795
36,82163239	-3,843056917	3792,032471
36,71970367	-3,824148655	3798,148438
36,61768723	-3,783303738	3804,269287
36,51582718	-3,744783163	3810,382324
36,41390991	-3,717857599	3816,494629
36,31187057	-3,690055847	3822,619629
36,20990372	-3,658697128	3828,734131
36,10792542	-3,635297537	3834,854736
36,00603485	-3,615272284	3840,967773
35,9041748	-3,585597515	3847,077393
35,80227661	-3,555525303	3853,193359
35,70036697	-3,532169104	3859,306641
35,59845352	-3,503588915	3865,422363
35,49654007	-3,478134871	3871,537109
35,39451599	-3,458623409	3877,659668
35,29255295	-3,442598343	3883,7771
35,19059372	-3,41404295	3889,894287
35,08868408	-3,381135225	3896,00708
34,98685837	-3,352686644	3902,116699
34,88492584	-3,318464279	3908,233887
34,78299332	-3,281251907	3914,351563
34,68101501	-3,251663923	3920,470947
34,57909775	-3,237723589	3926,586182
34,47718048	-3,225036144	3932,698242
34,37538528	-3,199953794	3938,808105
34,27347183	-3,174425364	3944,919678
34,17156219	-3,14402318	3951,036865
34,06962585	-3,12019372	3957,153564
33,96770477	-3,097984552	3963,268799
33,86569977	-3,063923597	3969,390137
33,76387405	-3,038154364	3975,500488
33,66194916	-3,015844107	3981,61499
33,55995178	-2,985334635	3987,733643
33,45804977	-2,956850052	3993,84668
33,35625458	-2,925051689	3999,954834
33,25431824	-2,902989864	4006,071533
33,15242386	-2,877471924	4012,185547
33,05047989	-2,849872828	4018,302734
32,9486084	-2,832695007	4024,413086
32,8466835	-2,819235086	4030,529541
32,74471283	-2,796577692	4036,648193
32,64297104	-2,770222664	4042,751709
32,54109955	-2,750907183	4048,863525
32,43916702	-2,719040394	4054,980469
32,33727264	-2,688663483	4061,091553
32,23550415	-2,672680616	4067,199951
32,13357162	-2,656789541	4073,316895
32,0316391	-2,640689373	4079,434326
31,92964363	-2,614019632	4085,55249
31,82776833	-2,584710121	4091,663086
31,72586441	-2,550826311	4097,780273
31,62400627	-2,529152632	4103,890137
31,52200127	-2,497757673	4110,010254
31,42014694	-2,475673914	4116,121094
31,31822586	-2,460883379	4122,237793
31,21651268	-2,439741135	4128,339844
31,11471367	-2,411340475	4134,446777
31,01284409	-2,379693985	4140,557617
30,91097641	-2,35629034	4146,67041
30,80917931	-2,333232164	4152,78125
30,70722771	-2,30895853	4158,89502
30,60531616	-2,301699162	4165,009277
30,50333786	-2,278436661	4171,132813
30,40137863	-2,253901482	4177,246582
30,29960251	-2,226518869	4183,354492
30,19766426	-2,205892086	4189,469727
30,09571266	-2,190169573	4195,59082
29,99397278	-2,175389767	4201,690918
29,89200211	-2,16100812	4207,811035
29,79014015	-2,140270948	4213,921387
29,68833351	-2,113434792	4220,032227
29,58652115	-2,086467505	4226,140625
29,48472214	-2,052430868	4232,247559
29,3829155	-2,031648874	4238,354492
29,28102493	-2,02161479	4244,470703
29,17924881	-2,008945942	4250,574707
29,07741165	-1,99929738	4256,688965
28,97549248	-1,988970637	4262,802246
28,87353516	-1,971334457	4268,919434
28,77166939	-1,948351502	4275,03125
28,66973686	-1,937480807	4281,147949
28,56773949	-1,918790221	4287,268066
28,46579361	-1,905624986	4293,383301
28,36395454	-1,88460505	4299,493652
28,26202393	-1,868575335	4305,609375
28,16007233	-1,854722619	4311,729004
28,05809784	-1,839657903	4317,847168
27,95610809	-1,811944246	4323,966309
27,85425758	-1,792140007	4330,075684
27,75236511	-1,768851519	4336,188965
27,65044022	-1,746590614	4342,304199
27,54852867	-1,733735085	4348,419434
27,44665337	-1,723804474	4354,533203
27,34468269	-1,715982914	4360,651367
27,24263763	-1,706364512	4366,773926
27,14074516	-1,692553639	4372,886719
27,03886414	-1,670605063	4378,999512
26,93696022	-1,646663547	4385,115723
26,83499336	-1,627028823	4391,230469
26,73319054	-1,610706449	4397,341309
26,63119698	-1,593933463	4403,461426
26,52920151	-1,578896523	4409,578125
26,42724419	-1,566189528	4415,698242
26,32536697	-1,558162093	4421,80957
26,22336769	-1,543593645	4427,931152
26,12140274	-1,526657581	4434,046875
26,01937866	-1,514163852	4440,170898
25,91754532	-1,505746245	4446,280762
25,81554794	-1,495968342	4452,400879
25,71372223	-1,478531599	4458,509277
25,61174774	-1,466839552	4464,629883
25,5097599	-1,451148033	4470,749512
25,40786934	-1,435057759	4476,86084
25,30581474	-1,419370294	4482,983398
25,20403671	-1,407462955	4489,088379
25,10222244	-1,399966836	4495,200195
25,00029755	-1,389629483	4501,316406
24,89841461	-1,374908805	4507,431641
24,79657936	-1,359181881	4513,539063
24,69472885	-1,340890765	4519,650879
24,59277725	-1,323791146	4525,767578
24,49077606	-1,313881993	4531,887207
24,38874245	-1,304394841	4538,008789
24,28681564	-1,296640158	4544,124023
24,18488693	-1,287678957	4550,240723
24,08307457	-1,28120029	4556,348145
23,9811039	-1,268102765	4562,466797
23,87917519	-1,256782889	4568,584473
23,7772274	-1,242288589	4574,69873
23,67528534	-1,2274791	4580,816895
23,57333183	-1,22147274	4586,934082
23,47138596	-1,216650486	4593,052246
23,3693924	-1,20769906	4599,170898
23,26746559	-1,200013518	4605,286133
23,16553497	-1,191139221	4611,400391
23,06354713	-1,190344095	4617,522949
22,96156311	-1,184356213	4623,640625
22,8596611	-1,178288221	4629,754395
22,7577095	-1,17914319	4635,872559
22,65574837	-1,175799251	4641,990723
22,55381584	-1,163412333	4648,103027
22,45186424	-1,141390085	4654,223145
22,3499527	-1,131014705	4660,337402
22,2480545	-1,121697068	4666,453613
22,14622498	-1,118280411	4672,561035
22,04433441	-1,119982719	4678,675293
21,94248962	-1,115012169	4684,785645
21,84059525	-1,100150704	4690,896973
21,73869705	-1,077269197	4697,013184
21,63672638	-1,058193445	4703,131836
21,534832	-1,047063231	4709,244141
21,43285942	-1,031186342	4715,36377
21,3310051	-1,0143466	4721,474609
21,22923279	-1,004383087	4727,580566
21,12734413	-1,001343131	4733,694336
21,02536583	-0,998369694	4739,813477
20,92342949	-0,994960785	4745,930176
20,82164764	-0,98811686	4752,039551
20,71967888	-0,975108266	4758,154297
20,6177845	-0,963106751	4764,266113
20,51580811	-0,95340687	4770,38916
20,41385078	-0,950914502	4776,50293
20,31193733	-0,945078254	4782,620117
20,21000671	-0,935803354	4788,73584
20,10807037	-0,927390337	4794,852051
20,00610542	-0,918950319	4800,97168
19,90423203	-0,912773073	4807,082031
19,80225563	-0,905452013	4813,20166
19,70036507	-0,899862111	4819,314453
19,59839249	-0,895619333	4825,431152
19,49650764	-0,887820542	4831,543945
19,39468384	-0,879153132	4837,654785
19,29280853	-0,875337243	4843,767578
19,19087982	-0,864174545	4849,885254
19,08898735	-0,855458856	4855,996582
18,98709106	-0,849365413	4862,108398
18,88517761	-0,846379995	4868,225586
18,78331375	-0,841112137	4874,339355
18,68159485	-0,831286132	4880,442383
18,57963371	-0,825049222	4886,561035
18,47773361	-0,819803536	4892,674316
18,37574768	-0,808908939	4898,791504
18,27380753	-0,802513838	4904,90918
18,171875	-0,796525478	4911,024902
18,0699482	-0,791967571	4917,142578
17,96802711	-0,788880229	4923,256836
17,86606216	-0,774902344	4929,373535
17,7641983	-0,767686069	4935,486328
17,66220284	-0,756810963	4941,606445
17,56019974	-0,745976269	4947,728027
17,45822334	-0,739948153	4953,844238
17,35633469	-0,737924278	4959,958008
17,25444603	-0,736587882	4966,071289
17,15253448	-0,732238472	4972,185059
17,05069542	-0,723925769	4978,295898
16,94876862	-0,717668593	4984,411621
16,8467865	-0,708802879	4990,530762
16,74487877	-0,699225843	4996,642578
16,64300156	-0,689590693	5002,756348
16,5410881	-0,689175189	5008,873047
16,43915939	-0,688332915	5014,987793
16,33727837	-0,685645998	5021,099609
16,23539352	-0,675169587	5027,213379
16,13354111	-0,667952478	5033,326172
16,03175163	-0,664018095	5039,437012
15,92976284	-0,654812932	5045,553711
15,82783222	-0,653146505	5051,668945
15,72593975	-0,651418269	5057,781738
15,62403202	-0,648094952	5063,896973
15,52213383	-0,640964508	5070,010742
15,42010498	-0,631651461	5076,133789
15,31832218	-0,628171027	5082,239746
15,21659565	-0,621235967	5088,344238
15,11473942	-0,613914013	5094,452637
15,01299286	-0,614773214	5100,560547
14,91113567	-0,614345551	5106,671387
14,80917168	-0,611452341	5112,789063
14,70729446	-0,605367422	5118,90332
14,605443	-0,60188812	5125,010254
14,50370979	-0,600893795	5131,117676
14,40187454	-0,596475005	5137,228027
14,30000782	-0,591761172	5143,337402
14,1982584	-0,592384875	5149,443359
14,09631729	-0,589788735	5155,561035
13,99439526	-0,586723089	5161,67627
13,89251137	-0,582496285	5167,788086
13,79066563	-0,577219963	5173,901855
13,68881512	-0,575285673	5180,012207
13,58687496	-0,569424093	5186,127441
13,48512363	-0,567142963	5192,233398
13,38316441	-0,567703545	5198,352051
13,28121948	-0,565277994	5204,467773
13,17930412	-0,566113472	5210,581543
13,07741165	-0,567988336	5216,696777
12,97554398	-0,567086458	5222,810059
12,87360287	-0,564998746	5228,924316
12,77175045	-0,560642421	5235,036133
12,66982937	-0,558561623	5241,151367
12,56794739	-0,559987068	5247,265137
12,46605492	-0,55953896	5253,376953
12,36420345	-0,557415426	5259,490723
12,2623291	-0,551838934	5265,600098
12,16043854	-0,550182343	5271,717773
12,05844784	-0,548152387	5277,835449
11,95648193	-0,54808265	5283,956543
11,85444355	-0,545761824	5290,079102
11,75240993	-0,543762088	5296,196289
11,6506443	-0,543282866	5302,304199
11,54873371	-0,541185796	5308,417969
11,44670391	-0,542984545	5314,541016
11,34486198	-0,544726551	5320,652832
11,24298573	-0,54695034	5326,763184
11,14114857	-0,548567355	5332,876465
11,03913975	-0,549359798	5338,99707
10,93725872	-0,5471192	5345,108887
10,83535099	-0,544442177	5351,223633
10,73339939	-0,545004427	5357,341797
10,63137627	-0,545121968	5363,461426
10,52947426	-0,544720829	5369,57666
10,42760372	-0,545314312	5375,688477
10,32561684	-0,546428919	5381,808594
10,22362041	-0,547180295	5387,92627
10,12162495	-0,547016919	5394,047363
10,01974773	-0,546773314	5400,161621
9,91768837	-0,547252119	5406,283691
9,81592083	-0,547768056	5412,390137
9,714068413	-0,549048662	5418,498535
9,612078667	-0,549913287	5424,619629
9,51008606	-0,55251205	5430,73877
9,408240318	-0,556134343	5436,852539
9,306313515	-0,557431161	5442,96582
9,204394341	-0,557690322	5449,083496
9,102453232	-0,561664045	5455,196289
9,00067997	-0,564972997	5461,304688
8,89864254	-0,567856371	5467,424316
8,796818733	-0,573556602	5473,535645
8,694945335	-0,580596566	5479,646973
8,593031883	-0,589162648	5485,763672
8,491118431	-0,593130887	5491,878906
8,389253616	-0,599909961	5497,989746
8,287283897	-0,606189013	5504,107422
8,18540287	-0,61897707	5510,22168
8,083550453	-0,628426254	5516,333984
7,981602669	-0,642990172	5522,450195
7,87966013	-0,655951858	5528,56543
7,777712345	-0,668573141	5534,683594
7,675782681	-0,680968344	5540,798828
7,573998928	-0,699463427	5546,906738
7,472149849	-0,719511688	5553,017578
7,370377541	-0,732638597	5559,123535
7,268454552	-0,743725598	5565,23877
7,166666985	-0,767667055	5571,347168
7,064692497	-0,785812795	5577,466309
6,962739468	-0,813811481	5583,57959
6,860836029	-0,835843444	5589,696777
6,758992195	-0,864774704	5595,808105
6,657053471	-0,883528531	5601,92334
6,555169106	-0,907545984	5608,036133
6,453228951	-0,933292389	5614,150879
6,351200104	-0,971286178	5620,274902
6,249348164	-0,996989369	5626,385254
6,147433758	-1,025333643	5632,499512
6,045588493	-1,053900599	5638,613281
5,943644524	-1,076976538	5644,727051
5,841876984	-1,108510256	5650,836914
5,739935875	-1,13715446	5656,951172
5,638054371	-1,178237438	5663,064453
5,53613472	-1,21932292	5669,179688
5,434251785	-1,254942417	5675,293457
5,332448483	-1,280828118	5681,399414
5,230494499	-1,311330318	5687,519043
5,128528118	-1,359890461	5693,63916
5,026586056	-1,382087708	5699,751465
